 1.00000  0.00000   -13.2973790 
 1.00000 10.00000   -13.3060060 
 1.00000 20.00000   -13.3187930 
 1.00000 30.00000   -13.3412980 
 1.00000 40.00000   -13.3563010 
 1.00000 50.00000   -13.3698250 
 1.00000 60.00000   -13.3810520 
 1.00000 70.00000   -13.3893890 
 1.00000 80.00000   -13.3944570 
 1.00000 90.00000   -13.3891200 

 1.10000  0.00000   -13.4482900 
 1.10000 10.00000   -13.4561880 
 1.10000 20.00000   -13.4711790 
 1.10000 30.00000   -13.4968910 
 1.10000 40.00000   -13.5131700 
 1.10000 50.00000   -13.5272240 
 1.10000 60.00000   -13.5385740 
 1.10000 70.00000   -13.5468680 
 1.10000 80.00000   -13.5518690 
 1.10000 90.00000   -13.5463760 

 1.20000  0.00000   -13.5424330 
 1.20000 10.00000   -13.5535430 
 1.20000 20.00000   -13.5689180 
 1.20000 30.00000   -13.5845250 
 1.20000 40.00000   -13.5990730 
 1.20000 50.00000   -13.6117730 
 1.20000 60.00000   -13.6220850 
 1.20000 70.00000   -13.6296420 
 1.20000 80.00000   -13.6342040 
 1.20000 90.00000   -13.6316700 

 1.30000  0.00000   -13.6037380 
 1.30000 10.00000   -13.6085950 
 1.30000 20.00000   -13.6187450 
 1.30000 30.00000   -13.6305820 
 1.30000 40.00000   -13.6423010 
 1.30000 50.00000   -13.6528670 
 1.30000 60.00000   -13.6616060 
 1.30000 70.00000   -13.6680780 
 1.30000 80.00000   -13.6720100 
 1.30000 90.00000   -13.6674900 

 1.40000  0.00000   -13.6334260 
 1.40000 10.00000   -13.6360910 
 1.40000 20.00000   -13.6425430 
 1.40000 30.00000   -13.6509450 
 1.40000 40.00000   -13.6598140 
 1.40000 50.00000   -13.6681200 
 1.40000 60.00000   -13.6751550 
 1.40000 70.00000   -13.6804450 
 1.40000 80.00000   -13.6836850 
 1.40000 90.00000   -13.6796900 

 1.50000  0.00000   -13.6434750 
 1.50000 10.00000   -13.6451250 
 1.50000 20.00000   -13.6493460 
 1.50000 30.00000   -13.6552000 
 1.50000 40.00000   -13.6616890 
 1.50000 50.00000   -13.6679820 
 1.50000 60.00000   -13.6734370 
 1.50000 70.00000   -13.6776060 
 1.50000 80.00000   -13.6801830 
 1.50000 90.00000   -13.6767670 

 1.60000  0.00000   -13.6413880 
 1.60000 10.00000   -13.6424740 
 1.60000 20.00000   -13.6453200 
 1.60000 30.00000   -13.6494060 
 1.60000 40.00000   -13.6540850 
 1.60000 50.00000   -13.6587450 
 1.60000 60.00000   -13.6628680 
 1.60000 70.00000   -13.6660630 
 1.60000 80.00000   -13.6680540 
 1.60000 90.00000   -13.6656180 

 1.70000  0.00000   -13.6319800 
 1.70000 10.00000   -13.6327200 
 1.70000 20.00000   -13.6346840 
 1.70000 30.00000   -13.6375560 
 1.70000 40.00000   -13.6409150 
 1.70000 50.00000   -13.6443230 
 1.70000 60.00000   -13.6473870 
 1.70000 70.00000   -13.6497870 
 1.70000 80.00000   -13.6512950 
 1.70000 90.00000   -13.6489360 

 1.80000  0.00000   -13.6183880 
 1.80000 10.00000   -13.6189030 
 1.80000 20.00000   -13.6202800 
 1.80000 30.00000   -13.6223160 
 1.80000 40.00000   -13.6247290 
 1.80000 50.00000   -13.6272090 
 1.80000 60.00000   -13.6294620 
 1.80000 70.00000   -13.6312430 
 1.80000 80.00000   -13.6323680 
 1.80000 90.00000   -13.6307800 

 1.90000  0.00000   -13.6026550 
 1.90000 10.00000   -13.6030200 
 1.90000 20.00000   -13.6039970 
 1.90000 30.00000   -13.6054510 
 1.90000 40.00000   -13.6071920 
 1.90000 50.00000   -13.6089930 
 1.90000 60.00000   -13.6106410 
 1.90000 70.00000   -13.6119550 
 1.90000 80.00000   -13.6109920 
 1.90000 90.00000   -13.6115430 

