 1.00000  0.00000   -13.5799420 
 1.00000 10.00000   -13.5772980 
 1.00000 20.00000   -13.5698260 
 1.00000 30.00000   -13.5575220 
 1.00000 40.00000   -13.5403910 
 1.00000 50.00000   -13.5184680 
 1.00000 60.00000   -13.4918250 
 1.00000 70.00000   -13.4605930 
 1.00000 80.00000   -13.4249640 
 1.00000 90.00000   -13.3885830 

 1.10000  0.00000   -13.7275620 
 1.10000 10.00000   -13.7250490 
 1.10000 20.00000   -13.7179520 
 1.10000 30.00000   -13.7062780 
 1.10000 40.00000   -13.6900420 
 1.10000 50.00000   -13.6692870 
 1.10000 60.00000   -13.6440820 
 1.10000 70.00000   -13.6145460 
 1.10000 80.00000   -13.5808420 
 1.10000 90.00000   -13.5465190 

 1.20000  0.00000   -13.7972540 
 1.20000 10.00000   -13.7949100 
 1.20000 20.00000   -13.7882940 
 1.20000 30.00000   -13.7774190 
 1.20000 40.00000   -13.7623120 
 1.20000 50.00000   -13.7430270 
 1.20000 60.00000   -13.7196440 
 1.20000 70.00000   -13.6922820 
 1.20000 80.00000   -13.6611050 
 1.20000 90.00000   -13.6292290 

 1.30000  0.00000   -13.8208630 
 1.30000 10.00000   -13.8187090 
 1.30000 20.00000   -13.8126310 
 1.30000 30.00000   -13.8026520 
 1.30000 40.00000   -13.7888080 
 1.30000 50.00000   -13.7711620 
 1.30000 60.00000   -13.7498090 
 1.30000 70.00000   -13.7248820 
 1.30000 80.00000   -13.6965600 
 1.30000 90.00000   -13.6674630 

 1.40000  0.00000   -13.8177630 
 1.40000 10.00000   -13.8158080 
 1.40000 20.00000   -13.8102940 
 1.40000 30.00000   -13.8012480 
 1.40000 40.00000   -13.7887180 
 1.40000 50.00000   -13.7727770 
 1.40000 60.00000   -13.7535360 
 1.40000 70.00000   -13.7311400 
 1.40000 80.00000   -13.7057910 
 1.40000 90.00000   -13.6798030 

 1.50000  0.00000   -13.7996130 
 1.50000 10.00000   -13.7978570 
 1.50000 20.00000   -13.7929060 
 1.50000 30.00000   -13.7847910 
 1.50000 40.00000   -13.7735710 
 1.50000 50.00000   -13.7593260 
 1.50000 60.00000   -13.7421780 
 1.50000 70.00000   -13.7222890 
 1.50000 80.00000   -13.6998760 
 1.50000 90.00000   -13.6771710 

 1.60000  0.00000   -13.7734550 
 1.60000 10.00000   -13.7718920 
 1.60000 20.00000   -13.7674860 
 1.60000 30.00000   -13.7602740 
 1.60000 40.00000   -13.7503160 
 1.60000 50.00000   -13.7377040 
 1.60000 60.00000   -13.7225640 
 1.60000 70.00000   -13.7050690 
 1.60000 80.00000   -13.6854450 
 1.60000 90.00000   -13.6651990 

 1.70000  0.00000   -13.7436070 
 1.70000 10.00000   -13.7422260 
 1.70000 20.00000   -13.7383360 
 1.70000 30.00000   -13.7319750 
 1.70000 40.00000   -13.7232050 
 1.70000 50.00000   -13.7121230 
 1.70000 60.00000   -13.6988590 
 1.70000 70.00000   -13.6835900 
 1.70000 80.00000   -13.6484520 
 1.70000 90.00000   -13.6489420 

 1.80000  0.00000   -13.7127210 
 1.80000 10.00000   -13.7115090 
 1.80000 20.00000   -13.7080960 
 1.80000 30.00000   -13.7025200 
 1.80000 40.00000   -13.6948470 
 1.80000 50.00000   -13.6851700 
 1.80000 60.00000   -13.6736230 
 1.80000 70.00000   -13.6603790 
 1.80000 80.00000   -13.6300930 
 1.80000 90.00000   -13.6304630 

 1.90000  0.00000   -13.6823940 
 1.90000 10.00000   -13.6813350 
 1.90000 20.00000   -13.6783560 
 1.90000 30.00000   -13.6734950 
 1.90000 40.00000   -13.6668160 
 1.90000 50.00000   -13.6584110 
 1.90000 60.00000   -13.6484080 
 1.90000 70.00000   -13.6369770 
 1.90000 80.00000   -13.6243150 
 1.90000 90.00000   -13.6112470 

