#Pyramid  #Torsion  # S0 PES             # S1 PES
 0.00000  0.00000   -13.8221150 	 -13.6163190 
 0.00000 10.00000   -13.8202180 	 -13.6198970 
 0.00000 20.00000   -13.8144860 	 -13.6284930 
 0.00000 30.00000   -13.8049890 	 -13.6390600 
 0.00000 40.00000   -13.7917980 	 -13.6497940 
 0.00000 50.00000   -13.7748150 	 -13.6597060 
 0.00000 60.00000   -13.7543900 	 -13.6679450 
 0.00000 70.00000   -13.7304580 	 -13.6741370 
 0.00000 80.00000   -13.7031630 	 -13.6779720 
 0.00000 90.00000   -13.6739500 	 -13.6738960 
 0.00000 100.00000   -13.7031630 	  -13.6779720 
 0.00000 110.00000   -13.7304580 	  -13.6741350 
 0.00000 120.00000   -13.7543900 	  -13.6679460 
 0.00000 130.00000   -13.7748150 	  -13.6597060 
 0.00000 140.00000   -13.7917980 	  -13.6497940 
 0.00000 150.00000   -13.8049890 	  -13.6390600 
 0.00000 160.00000   -13.8144860 	  -13.6284930 
 0.00000 170.00000   -13.8202180 	  -13.6198970 
 0.00000 180.00000   -13.8221160 	  -13.6163210 
	
10.00000  0.00000   -13.8212150 	 -13.6162170 
10.00000 10.00000   -13.8193210 	 -13.6197880 
10.00000 20.00000   -13.8136030 	 -13.6283550 
10.00000 30.00000   -13.8041870 	 -13.6388140 
10.00000 40.00000   -13.7909660 	 -13.6495420 
10.00000 50.00000   -13.7740240 	 -13.6593930 
10.00000 60.00000   -13.7535320 	 -13.6676200 
10.00000 70.00000   -13.7297880 	 -13.6737370 
10.00000 80.00000   -13.7025710 	 -13.6775490 
10.00000 90.00000   -13.6737340 	 -13.6793430 
10.00000 100.00000   -13.7025710 	  -13.6775490 
10.00000 110.00000   -13.7297880 	  -13.6737370 
10.00000 120.00000   -13.7535320 	  -13.6676200 
10.00000 130.00000   -13.7740240 	  -13.6593930 
10.00000 140.00000   -13.7909660 	  -13.6495420 
10.00000 150.00000   -13.8041870 	  -13.6388140 
10.00000 160.00000   -13.8136030 	  -13.6283550 
10.00000 170.00000   -13.8193210 	  -13.6197880 
10.00000 180.00000   -13.8212150 	  -13.6162170 
	
20.00000  0.00000   -13.8185410 	 -13.6157340 
20.00000 10.00000   -13.8166600 	 -13.6192970 
20.00000 20.00000   -13.8109780 	 -13.6277990 
20.00000 30.00000   -13.8016250 	 -13.6381240 
20.00000 40.00000   -13.7884960 	 -13.6486890 
20.00000 50.00000   -13.7716800 	 -13.6583850 
20.00000 60.00000   -13.7513480 	 -13.6664840 
20.00000 70.00000   -13.7278040 	 -13.6725180 
20.00000 80.00000   -13.7008350 	 -13.6762970 
20.00000 90.00000   -13.6719150 	 -13.6721680 
20.00000 100.00000   -13.7008350 	  -13.6762970 
20.00000 110.00000   -13.7278040 	  -13.6725180 
20.00000 120.00000   -13.7513480 	  -13.6664840 
20.00000 130.00000   -13.7716800 	  -13.6583850 
20.00000 140.00000   -13.7884960 	  -13.6486890 
20.00000 150.00000   -13.8016250 	  -13.6381240 
20.00000 160.00000   -13.8109780 	  -13.6277990 
20.00000 170.00000   -13.8166590 	  -13.6192970 
20.00000 180.00000   -13.8185410 	  -13.6157340 
	
30.00000  0.00000   -13.8140360 	 -13.6144190 
30.00000 10.00000   -13.8121740 	 -13.6179930 
30.00000 20.00000   -13.8065540 	 -13.6264270 
30.00000 30.00000   -13.7973060 	 -13.6365860 
30.00000 40.00000   -13.7843340 	 -13.6469400 
30.00000 50.00000   -13.7677310 	 -13.6564380 
30.00000 60.00000   -13.7476750 	 -13.6643930 
30.00000 70.00000   -13.7244770 	 -13.6703640 
30.00000 80.00000   -13.6979430 	 -13.6741530 
30.00000 90.00000   -13.6691470 	 -13.6691850 
30.00000 100.00000   -13.6979430 	  -13.6741530 
30.00000 110.00000   -13.7244770 	  -13.6703640 
30.00000 120.00000   -13.7476750 	  -13.6643930 
30.00000 130.00000   -13.7677310 	  -13.6564380 
30.00000 140.00000   -13.7843340 	  -13.6469400 
30.00000 150.00000   -13.7973060 	  -13.6365860 
30.00000 160.00000   -13.8065540 	  -13.6264270 
30.00000 170.00000   -13.8121740 	  -13.6179910 
30.00000 180.00000   -13.8140360 	  -13.6144190 
	
40.00000  0.00000   -13.8077100 	 -13.6116900 
40.00000 10.00000   -13.8058750 	 -13.6153020 
40.00000 20.00000   -13.8003370 	 -13.6237090 
40.00000 30.00000   -13.7912320 	 -13.6337220 
40.00000 40.00000   -13.7784730 	 -13.6438810 
40.00000 50.00000   -13.7621630 	 -13.6532070 
40.00000 60.00000   -13.7424930 	 -13.6610780 
40.00000 70.00000   -13.7197840 	 -13.6670860 
40.00000 80.00000   -13.6938760 	 -13.6710160 
40.00000 90.00000   -13.6655120 	 -13.6648780 
40.00000 100.00000   -13.6938750 	  -13.6710160 
40.00000 110.00000   -13.7197840 	  -13.6670860 
40.00000 120.00000   -13.7424930 	  -13.6610780 
40.00000 130.00000   -13.7621630 	  -13.6532070 
40.00000 140.00000   -13.7784730 	  -13.6438810 
40.00000 150.00000   -13.7912320 	  -13.6337220 
40.00000 160.00000   -13.8003370 	  -13.6237090 
40.00000 170.00000   -13.8058750 	  -13.6153020 
40.00000 180.00000   -13.8077100 	  -13.6116900 
	
50.00000  0.00000   -13.7994630 	 -13.6069210 
50.00000 10.00000   -13.7976590 	 -13.6106120 
50.00000 20.00000   -13.7922210 	 -13.6190590 
50.00000 30.00000   -13.7832900 	 -13.6289900 
50.00000 40.00000   -13.7707940 	 -13.6390210 
50.00000 50.00000   -13.7548520 	 -13.6482660 
50.00000 60.00000   -13.7356730 	 -13.6561800 
50.00000 70.00000   -13.7135960 	 -13.6624060 
50.00000 80.00000   -13.6885190 	 -13.6666760 
50.00000 90.00000   -13.6585560 	 -13.6585560 
50.00000 100.00000   -13.6885190 	  -13.6666760 
50.00000 110.00000   -13.7135960 	  -13.6624060 
50.00000 120.00000   -13.7356730 	  -13.6561800 
50.00000 130.00000   -13.7548520 	  -13.6482660 
50.00000 140.00000   -13.7707940 	  -13.6390210 
50.00000 150.00000   -13.7832900 	  -13.6289900 
50.00000 160.00000   -13.7922210 	  -13.6190590 
50.00000 170.00000   -13.7976590 	  -13.6106120 
50.00000 180.00000   -13.7994630 	  -13.6069210 
	
60.00000  0.00000   -13.7893270 	 -13.5996620 
60.00000 10.00000   -13.7875580 	 -13.6034750 
60.00000 20.00000   -13.7822290 	 -13.6120390 
60.00000 30.00000   -13.7734930 	 -13.6219790 
60.00000 40.00000   -13.7612960 	 -13.6319880 
60.00000 50.00000   -13.7457800 	 -13.6412810 
60.00000 60.00000   -13.7271760 	 -13.6494060 
60.00000 70.00000   -13.7058520 	 -13.6560640 
60.00000 80.00000   -13.6817750 	 -13.6609500 
60.00000 90.00000   -13.6498310 	 -13.6498300 
60.00000 100.00000   -13.6817750 	  -13.6609500 
60.00000 110.00000   -13.7058520 	  -13.6560640 
60.00000 120.00000   -13.7271760 	  -13.6494060 
60.00000 130.00000   -13.7457800 	  -13.6412810 
60.00000 140.00000   -13.7612960 	  -13.6319880 
60.00000 150.00000   -13.7734930 	  -13.6219790 
60.00000 160.00000   -13.7822290 	  -13.6120390 
60.00000 170.00000   -13.7875580 	  -13.6034750 
60.00000 180.00000   -13.7893270 	  -13.5996620 
	
70.00000  0.00000   -13.7771560 	 -13.5895010 
70.00000 10.00000   -13.7754230 	 -13.5934620 
70.00000 20.00000   -13.7702080 	 -13.6022110 
70.00000 30.00000   -13.7616770 	 -13.6122490 
70.00000 40.00000   -13.7498030 	 -13.6223500 
70.00000 50.00000   -13.7347540 	 -13.6318290 
70.00000 60.00000   -13.7167910 	 -13.6403380 
70.00000 70.00000   -13.6963240 	 -13.6476670 
70.00000 80.00000   -13.6734160 	 -13.6534830 
70.00000 90.00000   -13.6383400 	 -13.6382990 
70.00000 100.00000   -13.6734150 	  -13.6534830 
70.00000 110.00000   -13.6963240 	  -13.6476670 
70.00000 120.00000   -13.7167910 	  -13.6403380 
70.00000 130.00000   -13.7347540 	  -13.6318290 
70.00000 140.00000   -13.7498030 	  -13.6223500 
70.00000 150.00000   -13.7616770 	  -13.6122490 
70.00000 160.00000   -13.7702080 	  -13.6022110 
70.00000 170.00000   -13.7754230 	  -13.5934620 
70.00000 180.00000   -13.7771560 	  -13.5895010 
	
80.00000  0.00000   -13.7630600 	 -13.5764070 
80.00000 10.00000   -13.7613610 	 -13.5805090 
80.00000 20.00000   -13.7562560 	 -13.5894710 
80.00000 30.00000   -13.7479280 	 -13.5996740 
80.00000 40.00000   -13.7363810 	 -13.6099610 
80.00000 50.00000   -13.7218160 	 -13.6197400 
80.00000 60.00000   -13.7045290 	 -13.6287600 
80.00000 70.00000   -13.6849810 	 -13.6369320 
80.00000 80.00000   -13.6633640 	 -13.6440310 
80.00000 90.00000   -13.6239770 	 -13.6239750 
80.00000 100.00000   -13.6633640 	  -13.6440310 
80.00000 110.00000   -13.6849800 	  -13.6369320 
80.00000 120.00000   -13.7045280 	  -13.6287600 
80.00000 130.00000   -13.7218160 	  -13.6197400 
80.00000 140.00000   -13.7363810 	  -13.6099610 
80.00000 150.00000   -13.7479280 	  -13.5996740 
80.00000 160.00000   -13.7562560 	  -13.5894710 
80.00000 170.00000   -13.7613610 	  -13.5805090 
80.00000 180.00000   -13.7630600 	  -13.5764070 
	
90.00000  0.00000   -13.7467930 	 -13.5600820 
90.00000 10.00000   -13.7451250 	 -13.5642520 
90.00000 20.00000   -13.7401230 	 -13.5733890 
90.00000 30.00000   -13.7319860 	 -13.5837990 
90.00000 40.00000   -13.7207530 	 -13.5943450 
90.00000 50.00000   -13.7066610 	 -13.6044970 
90.00000 60.00000   -13.6900460 	 -13.6140830 
90.00000 70.00000   -13.6714310 	 -13.6231460 
90.00000 80.00000   -13.6511760 	 -13.6318270 
90.00000 90.00000   -13.6066650 	 -13.6066660 
90.00000 100.00000   -13.6511760 	  -13.6318270 
90.00000 110.00000   -13.6714310 	  -13.6231460 
90.00000 120.00000   -13.6900460 	  -13.6140830 
90.00000 130.00000   -13.7066610 	  -13.6044970 
90.00000 140.00000   -13.7207530 	  -13.5943450 
90.00000 150.00000   -13.7319860 	  -13.5837990 
90.00000 160.00000   -13.7401230 	  -13.5733890 
90.00000 170.00000   -13.7451250 	  -13.5642520 
90.00000 180.00000   -13.7467930 	  -13.5600820 
	
100.00000  0.00000   -13.7285360 	  -13.5407870 
100.00000 10.00000   -13.7268960 	  -13.5448420 
100.00000 20.00000   -13.7219860 	  -13.5540470 
100.00000 30.00000   -13.7140240 	  -13.5646940 
100.00000 40.00000   -13.7030770 	  -13.5755710 
100.00000 50.00000   -13.6894100 	  -13.5861380 
100.00000 60.00000   -13.6734010 	  -13.5962520 
100.00000 70.00000   -13.6556390 	  -13.6060370 
100.00000 80.00000   -13.6366970 	  -13.6160850 
100.00000 90.00000   -13.5869330 	  -13.5869300 
100.00000 100.00000   -13.6367000 	   -13.6160850 
100.00000 110.00000   -13.6556390 	   -13.6060370 
100.00000 120.00000   -13.6734010 	   -13.5962520 
100.00000 130.00000   -13.6894100 	   -13.5861380 
100.00000 140.00000   -13.7030770 	   -13.5755710 
100.00000 150.00000   -13.7140240 	   -13.5646940 
100.00000 160.00000   -13.7219860 	   -13.5540470 
100.00000 170.00000   -13.7268960 	   -13.5448420 
100.00000 180.00000   -13.7285360 	   -13.5407870 
	
110.00000  0.00000   -13.7086040 	  -13.5191150 
110.00000 10.00000   -13.7069960 	  -13.5228020 
110.00000 20.00000   -13.7021840 	  -13.5319460 
110.00000 30.00000   -13.6943990 	  -13.5429270 
110.00000 40.00000   -13.6837220 	  -13.5542630 
110.00000 50.00000   -13.6704270 	  -13.5653130 
110.00000 60.00000   -13.6549180 	  -13.5758970 
110.00000 70.00000   -13.6378470 	  -13.5861250 
110.00000 80.00000   -13.6200260 	  -13.5965860 
110.00000 90.00000   -13.5659040 	  -13.6048020 
110.00000 100.00000   -13.6200250 	   -13.5965870 
110.00000 110.00000   -13.6378470 	   -13.5861250 
110.00000 120.00000   -13.6549180 	   -13.5758970 
110.00000 130.00000   -13.6704270 	   -13.5653130 
110.00000 140.00000   -13.6837220 	   -13.5542630 
110.00000 150.00000   -13.6943990 	   -13.5429270 
110.00000 160.00000   -13.7021840 	   -13.5319460 
110.00000 170.00000   -13.7069960 	   -13.5228020 
110.00000 180.00000   -13.7086040 	   -13.5191150 
	
120.00000  0.00000   -13.6868420 	  -13.4952330 
120.00000 10.00000   -13.6852840 	  -13.4982730 
120.00000 20.00000   -13.6806230 	  -13.5073450 
120.00000 30.00000   -13.6730770 	  -13.5189410 
120.00000 40.00000   -13.6627100 	  -13.5310170 
120.00000 50.00000   -13.6497750 	  -13.5427280 
120.00000 60.00000   -13.6346640 	  -13.5538060 
120.00000 70.00000   -13.6180800 	  -13.5643120 
120.00000 80.00000   -13.6010550 	  -13.5746310 
120.00000 90.00000   -13.5893590 	  -13.5814520 
120.00000 100.00000   -13.6010550 	   -13.5746310 
120.00000 110.00000   -13.6180800 	   -13.5643120 
120.00000 120.00000   -13.6346640 	   -13.5538060 
120.00000 130.00000   -13.6497750 	   -13.5427280 
120.00000 140.00000   -13.6627090 	   -13.5310170 
120.00000 150.00000   -13.6730770 	   -13.5189410 
120.00000 160.00000   -13.6806230 	   -13.5073450 
120.00000 170.00000   -13.6852840 	   -13.4982730 
120.00000 180.00000   -13.6868420 	   -13.4952330 
	
130.00000  0.00000   -13.6638400 	  -13.4699290 
130.00000 10.00000   -13.6623710 	  -13.4722200 
130.00000 20.00000   -13.6579640 	  -13.4814880 
130.00000 30.00000   -13.6507880 	  -13.4942520 
130.00000 40.00000   -13.6408430 	  -13.5075030 
130.00000 50.00000   -13.6283020 	  -13.5201470 
130.00000 60.00000   -13.6134980 	  -13.5318340 
130.00000 70.00000   -13.5971320 	  -13.5425950 
130.00000 80.00000   -13.5803970 	  -13.5528080 
130.00000 90.00000   -13.5696320 	  -13.5592700 
130.00000 100.00000   -13.5803970 	   -13.5528090 
130.00000 110.00000   -13.5971320 	   -13.5425950 
130.00000 120.00000   -13.6134980 	   -13.5318340 
130.00000 130.00000   -13.6283020 	   -13.5201470 
130.00000 140.00000   -13.6408430 	   -13.5075030 
130.00000 150.00000   -13.6507880 	   -13.4942520 
130.00000 160.00000   -13.6579640 	   -13.4814880 
130.00000 170.00000   -13.6623710 	   -13.4722200 
130.00000 180.00000   -13.6638400 	   -13.4699290 
	
140.00000  0.00000   -13.6400200 	  -13.4437430 
140.00000 10.00000   -13.6387020 	  -13.4454260 
140.00000 20.00000   -13.6347130 	  -13.4556080 
140.00000 30.00000   -13.6281120 	  -13.4702480 
140.00000 40.00000   -13.6187750 	  -13.4851140 
140.00000 50.00000   -13.6067290 	  -13.4989680 
140.00000 60.00000   -13.5921910 	  -13.5113990 
140.00000 70.00000   -13.5757970 	  -13.5224370 
140.00000 80.00000   -13.5587970 	  -13.5326420 
140.00000 90.00000   -13.5479580 	  -13.5394100 
140.00000 100.00000   -13.5587980 	   -13.5326420 
140.00000 110.00000   -13.5757970 	   -13.5224370 
140.00000 120.00000   -13.5921910 	   -13.5113990 
140.00000 130.00000   -13.6067290 	   -13.4989680 
140.00000 140.00000   -13.6187750 	   -13.4851140 
140.00000 150.00000   -13.6281120 	   -13.4702480 
140.00000 160.00000   -13.6347130 	   -13.4556080 
140.00000 170.00000   -13.6387020 	   -13.4454260 
140.00000 180.00000   -13.6400200 	   -13.4437440 
	
150.00000  0.00000   -13.6169140 	  -13.4184100 
150.00000 10.00000   -13.6158070 	  -13.4197810 
150.00000 20.00000   -13.6123960 	  -13.4318420 
150.00000 30.00000   -13.6065720 	  -13.4487680 
150.00000 40.00000   -13.5980240 	  -13.4654310 
150.00000 50.00000   -13.5865870 	  -13.4806210 
150.00000 60.00000   -13.5723250 	  -13.4938580 
150.00000 70.00000   -13.5557640 	  -13.5051530 
150.00000 80.00000   -13.5380650 	  -13.5152830 
150.00000 90.00000   -13.5263110 	  -13.4905660 
150.00000 100.00000   -13.5380650 	   -13.5152830 
150.00000 110.00000   -13.5557640 	   -13.5051530 
150.00000 120.00000   -13.5723250 	   -13.4938580 
150.00000 130.00000   -13.5865870 	   -13.4806210 
150.00000 140.00000   -13.5980240 	   -13.4654310 
150.00000 150.00000   -13.6065720 	   -13.4487680 
150.00000 160.00000   -13.6123960 	   -13.4318420 
150.00000 170.00000   -13.6158070 	   -13.4197800 
150.00000 180.00000   -13.6169140 	   -13.4184100 
	
160.00000  0.00000   -13.5965750 	  -13.3961670 
160.00000 10.00000   -13.5957080 	  -13.3975550 
160.00000 20.00000   -13.5929420 	  -13.4120860 
160.00000 30.00000   -13.5879750 	  -13.4311100 
160.00000 40.00000   -13.5802820 	  -13.4494390 
160.00000 50.00000   -13.5694980 	  -13.4658990 
160.00000 60.00000   -13.5555360 	  -13.4799010 
160.00000 70.00000   -13.5387950 	  -13.4914060 
160.00000 80.00000   -13.5202480 	  -13.5012760 
160.00000 90.00000   -13.5070400 	  -13.4782010 
160.00000 100.00000   -13.5202480 	   -13.5012760 
160.00000 110.00000   -13.5387950 	   -13.4914060 
160.00000 120.00000   -13.5555360 	   -13.4799010 
160.00000 130.00000   -13.5694980 	   -13.4658990 
160.00000 140.00000   -13.5802820 	   -13.4494390 
160.00000 150.00000   -13.5879750 	   -13.4311100 
160.00000 160.00000   -13.5929420 	   -13.4120860 
160.00000 170.00000   -13.5957080 	   -13.3975550 
160.00000 180.00000   -13.5965750 	   -13.3961680 
	
170.00000  0.00000   -13.5822250 	  -13.3805200 
170.00000 10.00000   -13.5815550 	  -13.3821130 
170.00000 20.00000   -13.5793190 	  -13.3987350 
170.00000 30.00000   -13.5750450 	  -13.4191920 
170.00000 40.00000   -13.5680410 	  -13.4387390 
170.00000 50.00000   -13.5577930 	  -13.4561340 
170.00000 60.00000   -13.5441020 	  -13.4707060 
170.00000 70.00000   -13.5272690 	  -13.4823560 
170.00000 80.00000   -13.5080890 	  -13.4919340 
170.00000 90.00000   -13.4935200 	  -13.4699470 
170.00000 100.00000   -13.5080890 	   -13.4919340 
170.00000 110.00000   -13.5272690 	   -13.4823560 
170.00000 120.00000   -13.5441020 	   -13.4707060 
170.00000 130.00000   -13.5577930 	   -13.4561350 
170.00000 140.00000   -13.5680410 	   -13.4387360 
170.00000 150.00000   -13.5750450 	   -13.4191920 
170.00000 160.00000   -13.5793190 	   -13.3987360 
170.00000 170.00000   -13.5815550 	   -13.3821110 
170.00000 180.00000   -13.5822250 	   -13.3805200 
	
180.00000  0.00000   -13.5768930 	  -13.3747110 
180.00000 10.00000   -13.5763010 	  -13.3664870 
180.00000 20.00000   -13.5742780 	  -13.3938690 
180.00000 30.00000   -13.5702780 	  -13.4148490 
180.00000 40.00000   -13.5635470 	  -13.4348560 
180.00000 50.00000   -13.5535120 	  -13.4526100 
180.00000 60.00000   -13.5399350 	  -13.4673990 
180.00000 70.00000   -13.5230800 	  -13.4791040 
180.00000 80.00000   -13.5036680 	  -13.4885400 
180.00000 90.00000   -13.4669480 	  -13.4669490 
180.00000 100.00000   -13.5036680 	   -13.4885400 
180.00000 110.00000   -13.5230800 	   -13.4791030 
180.00000 120.00000   -13.5399350 	   -13.4673990 
180.00000 130.00000   -13.5535120 	   -13.4526100 
180.00000 140.00000   -13.5635470 	   -13.4348560 
180.00000 150.00000   -13.5702780 	   -13.4148490 
180.00000 160.00000   -13.5742780 	   -13.3938690 
180.00000 170.00000   -13.5763010 	   -13.3664850 
180.00000 180.00000   -13.5768930 	   -13.3747090 
	
