Completed-run 25  S0-S1-S2-S3=  -587.200152348 -587.132563029 -587.093002403 -587.089937512  T1-T2-T3=  -587.143742167 -587.115382729 -587.107003888
Completed-run 28  S0-S1-S2-S3=  -589.801512431 -589.67757173 -589.660902246 -589.652358032  T1-T2-T3=  -589.690136317 -589.679486368 -589.671688166
Completed-run 31  S0-S1-S2-S3=  -591.541884222 -591.37521143 -591.357803285 -591.357343919  T1-T2-T3=  -591.406338091 -591.398231194 -591.394920082
Completed-run 34  S0-S1-S2-S3=  -592.718022228 -592.533243055 -592.52899116 -592.52477969  T1-T2-T3=  -592.579319331 -592.565880111 -592.564296216
Completed-run 37  S0-S1-S2-S3=  -593.516367553 -593.335586704 -593.323959224 -593.31045018  T1-T2-T3=  -593.375852916 -593.370138399 -593.361189944
Completed-run 40  S0-S1-S2-S3=  -594.060622406 -593.88467409 -593.865726149 -593.844485052  T1-T2-T3=  -593.920589185 -593.919075113 -593.903357436
Completed-run 43  S0-S1-S2-S3=  -594.433345988 -594.261260024 -594.236649015 -594.210931853  T1-T2-T3=  -594.298024027 -594.291140883 -594.274511823
Completed-run 46  S0-S1-S2-S3=  -594.689458966 -594.520562842 -594.491512517 -594.466070974  T1-T2-T3=  -594.557819286 -594.54677612 -594.529445148
Completed-run 49  S0-S1-S2-S3=  -594.865613233 -594.699701152 -594.666884024 -594.643529841  T1-T2-T3=  -594.737089894 -594.722595968 -594.704794606
Completed-run 52  S0-S1-S2-S3=  -594.98647736 -594.824769399 -594.787395358 -594.767157516  T1-T2-T3=  -594.861342306 -594.843511544 -594.825327989
Completed-run 55  S0-S1-S2-S3=  -595.068843917 -594.932437852 -594.888158616 -594.8731943  T1-T2-T3=  -594.954616057 -594.928648999 -594.910362545
Completed-run 58  S0-S1-S2-S3=  -595.124517206 -595.069716644 -595.007672795 -595.002715314  T1-T2-T3=  -595.077687568 -595.025959249 -595.006761412
Completed-run 61  S0-S1-S2-S3=  -595.163313308 -595.172717455 -595.103209822 -595.094121719  T1-T2-T3=  -595.181280043 -595.133825667 -595.108145253
Completed-run 64  S0-S1-S2-S3=  -595.196130097 -595.236569031 -595.161108011 -595.131238177  T1-T2-T3=  -595.24797234 -595.230994161 -595.170398235
Completed-run 77  S0-S1-S2-S3=  -595.416011437 -595.453506751 -595.348396393 -595.318633132  T1-T2-T3=  -595.463686309 -595.39524808 -595.386391498
Completed-run 80  S0-S1-S2-S3=  -595.467481618 -595.47554074 -595.39666571 -595.368504719  T1-T2-T3=  -595.486778677 -595.443708494 -595.43335254
Completed-run 83  S0-S1-S2-S3=  -595.510065829 -595.494348152 -595.435916759 -595.40949401  T1-T2-T3=  -595.51792283 -595.483610005 -595.470387606
Completed-run 86  S0-S1-S2-S3=  -595.545340604 -595.507367549 -595.467068262 -595.443137116  T1-T2-T3=  -595.527495142 -595.516378478 -595.495809893
Completed-run 89  S0-S1-S2-S3=  -595.574645732 -595.519499727 -595.489979011 -595.47077015  T1-T2-T3=  -595.546723611 -595.543276526 -595.510418974
Completed-run 92  S0-S1-S2-S3=  -595.599076916 -595.533269938 -595.503767597 -595.493470442  T1-T2-T3=  -595.565815121 -595.56535943 -595.518202724
Completed-run 95  S0-S1-S2-S3=  -595.619514107 -595.54809551 -595.512117942 -595.510438499  T1-T2-T3=  -595.58347039 -595.582669255 -595.522323224
Completed-run 98  S0-S1-S2-S3=  -595.636667562 -595.56186068 -595.527422907 -595.513259726  T1-T2-T3=  -595.598301289 -595.596974639 -595.524166919
Completed-run 101  S0-S1-S2-S3=  -595.651114429 -595.573797569 -595.539955135 -595.513903554  T1-T2-T3=  -595.610414575 -595.608922554 -595.538823257
Completed-run 104  S0-S1-S2-S3=  -595.66332066 -595.583890715 -595.550184254 -595.513118906  T1-T2-T3=  -595.620261501 -595.618809903 -595.549445593
Completed-run 107  S0-S1-S2-S3=  -595.673660497 -595.592304889 -595.558477155 -595.511309424  T1-T2-T3=  -595.628205283 -595.626930083 -595.558117012
Completed-run 110  S0-S1-S2-S3=  -595.682436075 -595.599243002 -595.565139648 -595.508733142  T1-T2-T3=  -595.634544383 -595.633530102 -595.565135973
Completed-run 113  S0-S1-S2-S3=  -595.68989438 -595.604904266 -595.570418719 -595.505567223  T1-T2-T3=  -595.63951476 -595.638816523 -595.570738438
Completed-run 116  S0-S1-S2-S3=  -595.696239157 -595.609444652 -595.574510764 -595.501949264  T1-T2-T3=  -595.643309135 -595.642974716 -595.575128152
Completed-run 119  S0-S1-S2-S3=  -595.701639179 -595.613018233 -595.57758823 -595.497978213  T1-T2-T3=  -595.64615508 -595.646099956 -595.578466538
Completed-run 122  S0-S1-S2-S3=  -595.706234833 -595.615747023 -595.579791504 -595.493746685  T1-T2-T3=  -595.648479627 -595.648012911 -595.580882958
Completed-run 125  S0-S1-S2-S3=  -595.710143571 -595.617726422 -595.581238039 -595.489320681  T1-T2-T3=  -595.650054785 -595.649165452 -595.582494865
Completed-run 128  S0-S1-S2-S3=  -595.713464308 -595.619047997 -595.582023074 -595.496040728  T1-T2-T3=  -595.650972117 -595.649645467 -595.583397498
Completed-run 131  S0-S1-S2-S3=  -595.716280863 -595.619788217 -595.582234103 -595.497898126  T1-T2-T3=  -595.651300744 -595.649533103 -595.583663651
Completed-run 134  S0-S1-S2-S3=  -595.718664604 -595.620007424 -595.581942495 -595.499385184  T1-T2-T3=  -595.651112034 -595.648896051 -595.583361018
Completed-run 137  S0-S1-S2-S3=  -595.720676474 -595.619755536 -595.581212867 -595.500584895  T1-T2-T3=  -595.65045223 -595.647787905 -595.582550541
Completed-run 140  S0-S1-S2-S3=  -595.722368627 -595.619084709 -595.580097373 -595.501571461  T1-T2-T3=  -595.64937716 -595.646253469 -595.581284376
Completed-run 143  S0-S1-S2-S3=  -595.723785881 -595.61803241 -595.578655531 -595.502415426  T1-T2-T3=  -595.647920619 -595.644333887 -595.579603663
Completed-run 146  S0-S1-S2-S3=  -595.72496696 -595.616633688 -595.576926065 -595.504327816  T1-T2-T3=  -595.646121329 -595.642064206 -595.577554478
Completed-run 149  S0-S1-S2-S3=  -595.725945516 -595.61491852 -595.574957327 -595.511480255  T1-T2-T3=  -595.644012944 -595.63947073 -595.575185173
Completed-run 152  S0-S1-S2-S3=  -595.726750852 -595.612919884 -595.572796994 -595.518367601  T1-T2-T3=  -595.64162844 -595.636579086 -595.572554449
Completed-run 155  S0-S1-S2-S3=  -595.727408413 -595.6106669 -595.570488887 -595.524971199  T1-T2-T3=  -595.639000613 -595.633411044 -595.569772275
Completed-run 158  S0-S1-S2-S3=  -595.727940194 -595.608196263 -595.568084398 -595.531276296  T1-T2-T3=  -595.636162483 -595.6299886 -595.567125241
Completed-run 161  S0-S1-S2-S3=  -595.728365089 -595.605545241 -595.565642848 -595.537250336  T1-T2-T3=  -595.633154993 -595.626326973 -595.56576412
Completed-run 164  S0-S1-S2-S3=  -595.728699174 -595.60276666 -595.563239109 -595.542850596  T1-T2-T3=  -595.630041994 -595.622445912 -595.566980189
Completed-run 167  S0-S1-S2-S3=  -595.728956068 -595.599932938 -595.560956627 -595.548006172  T1-T2-T3=  -595.626899577 -595.618373739 -595.572242338
Completed-run 170  S0-S1-S2-S3=  -595.729147153 -595.597173054 -595.558909679 -595.552607173  T1-T2-T3=  -595.623853048 -595.614147557 -595.578467658
Completed-run 173  S0-S1-S2-S3=  -595.729281492 -595.594676143 -595.557217578 -595.556460542  T1-T2-T3=  -595.621117267 -595.609846255 -595.583713826
Completed-run 176  S0-S1-S2-S3=  -595.729365551 -595.592735315 -595.559278749 -595.556030111  T1-T2-T3=  -595.619000042 -595.605704144 -595.588494446
Completed-run 180  S0-S1-S2-S3=  -595.729405587 -595.591665522 -595.560774058 -595.555419684  T1-T2-T3=  -595.617834701 -595.602447768 -595.59206609
