 0   -94.7842310 
 5   -94.7864220 
 10   -94.7882160 
 15   -94.7897620 
 20   -94.7910980 
 25   -94.7922800 
 30   -94.7933290 
 35   -94.7942720 
 40   -94.7951510 
 45   -94.7959690 
 50   -94.7967280 
 55   -94.7974460 
 60   -94.7981260 
 65   -94.7987470 
 70   -94.7993100 
 75   -94.7997950 
 80   -94.8001880 
 85   -94.8004660 
 90   -94.8009280 
 95   -94.8007830 
 100   -94.8006370 
 105   -94.8003270 
 110   -94.8000010 
 115   -94.7996070 
 120   -94.7991510 
 125   -94.7986680 
 130   -94.7982010 
 135   -94.7977970 
 140   -94.7973890 
 145   -94.7968160 
 150   -94.7958270 
 155   -94.7945330 
 160   -94.7939040 
 165   -94.7947200 
 170   -94.7961850 
 175   -94.7973220 
 180   -94.7983300 
