Completed-run 0  S0-S1-S2-S3=  -595.700692245 -595.549218965 -595.500320342 -595.49829178  T1-T2-T3=  -595.602207786 -595.576700095 -595.530388622
Completed-run 3  S0-S1-S2-S3=  -595.700599707 -595.549453496 -595.502384988 -595.496655772  T1-T2-T3=  -595.602372493 -595.576927276 -595.530075588
Completed-run 6  S0-S1-S2-S3=  -595.700307351 -595.550123972 -595.505602191 -595.494445102  T1-T2-T3=  -595.602851873 -595.577583052 -595.529176869
Completed-run 9  S0-S1-S2-S3=  -595.699820976 -595.551181068 -595.509147214 -595.492011014  T1-T2-T3=  -595.603637024 -595.578603398 -595.52781586
Completed-run 12  S0-S1-S2-S3=  -595.699141877 -595.552556255 -595.512844957 -595.489215155  T1-T2-T3=  -595.604699842 -595.579897737 -595.526155555
Completed-run 15  S0-S1-S2-S3=  -595.698271817 -595.554166773 -595.516579585 -595.486015189  T1-T2-T3=  -595.60601269 -595.581383307 -595.524392487
Completed-run 18  S0-S1-S2-S3=  -595.697213017 -595.555948694 -595.52027982 -595.482424362  T1-T2-T3=  -595.607548391 -595.582970457 -595.522844921
Completed-run 21  S0-S1-S2-S3=  -595.695968166 -595.557842233 -595.523896902 -595.478493137  T1-T2-T3=  -595.609265534 -595.584603076 -595.522125585
Completed-run 24  S0-S1-S2-S3=  -595.694540455 -595.559810158 -595.527389923 -595.474268804  T1-T2-T3=  -595.61113791 -595.586221883 -595.522344243
Completed-run 27  S0-S1-S2-S3=  -595.692933591 -595.561819426 -595.530729515 -595.469821219  T1-T2-T3=  -595.613136153 -595.587786484 -595.522957037
Completed-run 30  S0-S1-S2-S3=  -595.691151806 -595.563852218 -595.533879486 -595.465415534  T1-T2-T3=  -595.615235095 -595.589275387 -595.52363378
Completed-run 33  S0-S1-S2-S3=  -595.689199882 -595.565902293 -595.536818895 -595.463496684  T1-T2-T3=  -595.617406442 -595.590656624 -595.524246958
Completed-run 36  S0-S1-S2-S3=  -595.687083192 -595.567967674 -595.539523713 -595.462982264  T1-T2-T3=  -595.619637195 -595.591924545 -595.524732119
Completed-run 39  S0-S1-S2-S3=  -595.684807769 -595.570050719 -595.541970576 -595.462588405  T1-T2-T3=  -595.621907661 -595.593063133 -595.525069571
Completed-run 42  S0-S1-S2-S3=  -595.682380434 -595.572158248 -595.544140579 -595.462196981  T1-T2-T3=  -595.624209961 -595.594068183 -595.525240412
Completed-run 45  S0-S1-S2-S3=  -595.679808995 -595.57429072 -595.546023155 -595.461760677  T1-T2-T3=  -595.626537205 -595.594940153 -595.525237749
Completed-run 48  S0-S1-S2-S3=  -595.677102534 -595.576453541 -595.547609013 -595.461259174  T1-T2-T3=  -595.628891123 -595.595677102 -595.52506699
Completed-run 51  S0-S1-S2-S3=  -595.674271789 -595.578650101 -595.548897865 -595.460677487  T1-T2-T3=  -595.631282454 -595.596289767 -595.524727848
Completed-run 54  S0-S1-S2-S3=  -595.671329619 -595.580874883 -595.549898895 -595.460013773  T1-T2-T3=  -595.633742431 -595.596783657 -595.524229507
Completed-run 57  S0-S1-S2-S3=  -595.668291516 -595.58312868 -595.550612896 -595.459265152  T1-T2-T3=  -595.636326972 -595.597174264 -595.523572758
Completed-run 60  S0-S1-S2-S3=  -595.665176119 -595.585408081 -595.551065856 -595.458435562  T1-T2-T3=  -595.639139237 -595.597476552 -595.522776242
Completed-run 63  S0-S1-S2-S3=  -595.66200585 -595.587706108 -595.551265499 -595.4575364  T1-T2-T3=  -595.642444196 -595.597716618 -595.521844006
Completed-run 66  S0-S1-S2-S3=  -595.658807836 -595.590016815 -595.5512316 -595.456583768  T1-T2-T3=  -595.647095833 -595.597917915 -595.520792151
Completed-run 69  S0-S1-S2-S3=  -595.655615214 -595.592329238 -595.550986272 -595.455592429  T1-T2-T3=  -595.663270094 -595.598117254 -595.519642791
Completed-run 72  S0-S1-S2-S3=  -595.652468786 -595.594640082 -595.550544592 -595.454595836  T1-T2-T3=  -595.666801014 -595.598359111 -595.518407326
Completed-run 75  S0-S1-S2-S3=  -595.649419 -595.59692997 -595.549923935 -595.453629735  T1-T2-T3=  -595.666889619 -595.598693936 -595.517110482
Completed-run 78  S0-S1-S2-S3=  -595.646528126 -595.599161949 -595.549149821 -595.452734348  T1-T2-T3=  -595.665531191 -595.599180323 -595.515774104
Completed-run 81  S0-S1-S2-S3=  -595.643872242 -595.601283474 -595.548232179 -595.451963704  T1-T2-T3=  -595.663308949 -595.599872301 -595.51442282
Completed-run 84  S0-S1-S2-S3=  -595.641541851 -595.603197628 -595.547188014 -595.451371555  T1-T2-T3=  -595.660555941 -595.600816273 -595.51307731
Completed-run 87  S0-S1-S2-S3=  -595.639638661 -595.604767247 -595.54601981 -595.451004486  T1-T2-T3=  -595.657553947 -595.601988999 -595.511758434
Completed-run 90  S0-S1-S2-S3=  -595.638265051 -595.605822766 -595.544745423 -595.450884027  T1-T2-T3=  -595.654592767 -595.603287064 -595.510480373
Completed-run 93  S0-S1-S2-S3=  -595.637504157 -595.606212125 -595.543381841 -595.450994091  T1-T2-T3=  -595.652034832 -595.604455508 -595.509263787
Completed-run 96  S0-S1-S2-S3=  -595.637396184 -595.605898356 -595.541969267 -595.451283011  T1-T2-T3=  -595.650320914 -595.605167045 -595.508141533
Completed-run 99  S0-S1-S2-S3=  -595.637925564 -595.604976138 -595.540561959 -595.451698468  T1-T2-T3=  -595.649795589 -595.605218684 -595.507149492
Completed-run 102  S0-S1-S2-S3=  -595.639029075 -595.603624796 -595.539203267 -595.452191941  T1-T2-T3=  -595.650347861 -595.604690526 -595.506316315
Completed-run 105  S0-S1-S2-S3=  -595.640617553 -595.602016084 -595.537910599 -595.452718364  T1-T2-T3=  -595.651352025 -595.603842525 -595.505641036
Completed-run 108  S0-S1-S2-S3=  -595.642596328 -595.60028318 -595.536677485 -595.453238191  T1-T2-T3=  -595.651952701 -595.602918105 -595.505113508
Completed-run 111  S0-S1-S2-S3=  -595.64487667 -595.598499049 -595.535485018 -595.453725167  T1-T2-T3=  -595.650653661 -595.602038007 -595.504692776
Completed-run 114  S0-S1-S2-S3=  -595.647379138 -595.596701848 -595.534301531 -595.454140275  T1-T2-T3=  -595.63991168 -595.601258762 -595.504354523
Completed-run 117  S0-S1-S2-S3=  -595.65003421 -595.594902905 -595.533105276 -595.454458091  T1-T2-T3=  -595.636400218 -595.600573322 -595.504054951
Completed-run 120  S0-S1-S2-S3=  -595.652783178 -595.593091284 -595.531863269 -595.454652983  T1-T2-T3=  -595.633783788 -595.599956054 -595.503779452
Completed-run 123  S0-S1-S2-S3=  -595.65557752 -595.591266239 -595.530556389 -595.454713176  T1-T2-T3=  -595.631418528 -595.599387835 -595.503523601
Completed-run 126  S0-S1-S2-S3=  -595.658378249 -595.589407156 -595.529167698 -595.45464011  T1-T2-T3=  -595.629133153 -595.598840702 -595.503307213
Completed-run 129  S0-S1-S2-S3=  -595.661153797 -595.587515542 -595.527687676 -595.454461014  T1-T2-T3=  -595.626859347 -595.598294113 -595.503242039
Completed-run 132  S0-S1-S2-S3=  -595.663876603 -595.585571187 -595.526103464 -595.45429165  T1-T2-T3=  -595.624562198 -595.597731531 -595.503587165
Completed-run 135  S0-S1-S2-S3=  -595.666521734 -595.583571206 -595.524412177 -595.454816346  T1-T2-T3=  -595.622220449 -595.597131699 -595.504854198
Completed-run 138  S0-S1-S2-S3=  -595.669067169 -595.581500928 -595.522610169 -595.45791302  T1-T2-T3=  -595.619826777 -595.596487294 -595.507307759
Completed-run 141  S0-S1-S2-S3=  -595.671494641 -595.579356787 -595.520693874 -595.462471952  T1-T2-T3=  -595.617381291 -595.595787401 -595.510521666
Completed-run 144  S0-S1-S2-S3=  -595.673789603 -595.577138935 -595.518670793 -595.467284241  T1-T2-T3=  -595.614884144 -595.595028496 -595.51403303
Completed-run 147  S0-S1-S2-S3=  -595.675940314 -595.57485033 -595.516554909 -595.472091927  T1-T2-T3=  -595.612345644 -595.594217213 -595.517609614
Completed-run 150  S0-S1-S2-S3=  -595.677936578 -595.572499151 -595.514369103 -595.476789265  T1-T2-T3=  -595.609784994 -595.593358056 -595.521149349
Completed-run 153  S0-S1-S2-S3=  -595.679769086 -595.570090789 -595.512155512 -595.481297122  T1-T2-T3=  -595.607214936 -595.59246744 -595.524587802
Completed-run 156  S0-S1-S2-S3=  -595.681429227 -595.567649708 -595.509990051 -595.48549664  T1-T2-T3=  -595.604667282 -595.591551455 -595.527875937
Completed-run 159  S0-S1-S2-S3=  -595.682909196 -595.565197502 -595.508037635 -595.489192592  T1-T2-T3=  -595.602170976 -595.590642719 -595.53097655
Completed-run 164  S0-S1-S2-S3=  -595.684958144 -595.561193839 -595.506301405 -595.49309738  T1-T2-T3=  -595.598240812 -595.589200484 -595.535608974
Completed-run 167  S0-S1-S2-S3=  -595.68592912 -595.558945576 -595.506926937 -595.493274571  T1-T2-T3=  -595.596113822 -595.588444242 -595.537983774
Completed-run 170  S0-S1-S2-S3=  -595.686702129 -595.556918288 -595.508490056 -595.492110892  T1-T2-T3=  -595.594248231 -595.587809753 -595.539984209
Completed-run 173  S0-S1-S2-S3=  -595.687274989 -595.555238416 -595.510202145 -595.490412645  T1-T2-T3=  -595.592733731 -595.587335258 -595.541545626
Completed-run 176  S0-S1-S2-S3=  -595.687646333 -595.55404424 -595.511539995 -595.488825251  T1-T2-T3=  -595.591671852 -595.587037765 -595.542596832
Completed-run 180  S0-S1-S2-S3=  -595.687807204 -595.553407651 -595.512230056 -595.487835868  T1-T2-T3=  -595.591101412 -595.586871567 -595.543103146
