 0.00000   1.00000
 0.96755   1.00000
 1.93510   1.00000
 2.90266   1.00000
 3.87021   1.00000
 4.83776   1.00000
 5.80531   1.00000
 6.77286   1.00000
 7.74042   1.00000
 8.70797   1.00000
 9.67552   1.00000
10.64307   1.00000
11.61062   1.00000
12.57818   1.00000
13.54573   1.00000
14.51328   1.00000
15.48083   1.00000
16.44838   1.00000
17.41593   1.00000
18.38349   1.00000
19.35104   1.00000
20.31859   1.00000
21.28614   1.00000
22.25369   1.00000
23.22125   1.00000
24.18880   1.00000
25.15635   0.99000
26.12390   1.00000
27.09145   1.00000
28.05901   1.00000
29.02656   1.00000
29.99411   1.00000
30.96166   1.00000
31.92921   1.00000
32.89677   1.00000
33.86432   1.00000
34.83187   1.00000
35.79942   1.00000
36.76697   1.00000
37.73453   1.00000
38.70208   1.00000
39.66963   1.00000
40.63718   1.00000
41.60473   1.00000
42.57229   1.00000
43.53984   1.00000
44.50739   1.00000
45.47494   1.00000
46.44249   1.00000
47.41004   1.00000
48.37760   1.00000
49.34515   1.00000
50.31270   1.00000
51.28025   1.00000
52.24780   1.00000
53.21536   1.00000
54.18291   1.00000
55.15046   1.00000
56.11801   1.00000
57.08556   0.99000
58.05312   0.99000
59.02067   0.98000
59.98822   0.97000
60.95577   0.97000
61.92332   0.98000
62.89088   0.97000
63.85843   0.97000
64.82598   0.97000
65.79353   0.97000
66.76108   0.97000
67.72864   0.96000
68.69619   0.97000
69.66374   0.97000
70.63129   0.97000
71.59884   0.97000
72.56640   0.97000
73.53395   0.97000
74.50150   0.97000
75.46905   0.97000
76.43660   0.97000
77.40415   0.97000
78.37171   0.97000
79.33926   0.97000
80.30681   0.97000
81.27436   0.97000
82.24191   0.97000
83.20947   0.97000
84.17702   0.97000
85.14457   0.97000
86.11212   0.96000
87.07967   0.96000
88.04723   0.96000
89.01478   0.97000
89.98233   0.97000
90.94988   0.97000
91.91743   0.97000
92.88499   0.97000
93.85254   0.97000
94.82009   0.97000
95.78764   0.97000
96.75519   0.97000
97.72275   0.97000
98.69030   0.96000
99.65785   0.95000
100.62540   0.95000
101.59295   0.94000
102.56051   0.93000
103.52806   0.93000
104.49561   0.93000
105.46316   0.93000
106.43071   0.93000
107.39826   0.93000
108.36582   0.93000
109.33337   0.93000
110.30092   0.93000
111.26847   0.93000
112.23602   0.93000
113.20358   0.93000
114.17113   0.93000
115.13868   0.93000
116.10623   0.93000
117.07378   0.93000
118.04134   0.93000
119.00889   0.93000
119.97644   0.93000
120.94399   0.93000
121.91154   0.93000
122.87910   0.93000
123.84665   0.93000
124.81420   0.93000
125.78175   0.93000
126.74930   0.93000
127.71686   0.93000
128.68441   0.94000
129.65196   0.94000
130.61951   0.94000
131.58706   0.94000
132.55462   0.90000
133.52217   0.83000
134.48972   0.78000
135.45727   0.71000
136.42482   0.65000
137.39237   0.61000
138.35993   0.63000
139.32748   0.65000
140.29503   0.66000
141.26258   0.66000
142.23013   0.66000
143.19769   0.66000
144.16524   0.66000
145.13279   0.66000
146.10034   0.65000
147.06789   0.65000
148.03545   0.65000
149.00300   0.65000
149.97055   0.65000
150.93810   0.65000
151.90565   0.65000
152.87321   0.65000
153.84076   0.65000
154.80831   0.65000
155.77586   0.65000
156.74341   0.65000
157.71097   0.65000
158.67852   0.65000
159.64607   0.65000
160.61362   0.65000
161.58117   0.65000
162.54873   0.65000
163.51628   0.65000
164.48383   0.65000
165.45138   0.65000
166.41893   0.65000
167.38648   0.65000
168.35404   0.65000
169.32159   0.64000
170.28914   0.64000
171.25669   0.64000
172.22424   0.64000
173.19180   0.64000
174.15935   0.64000
175.12690   0.64000
176.09445   0.64000
177.06200   0.64000
178.02956   0.64000
178.99711   0.63000
179.96466   0.63000
180.93221   0.62000
181.89976   0.61000
182.86732   0.61000
183.83487   0.61000
184.80242   0.61000
185.76997   0.61000
186.73752   0.60000
187.70508   0.60000
188.67263   0.60000
189.64018   0.60000
190.60773   0.59000
191.57528   0.59000
192.54284   0.59000
193.51039   0.59000
194.47794   0.59000
195.44549   0.59000
196.41304   0.59000
197.38060   0.59000
198.34815   0.59000
199.31570   0.59000
200.28325   0.59000
201.25080   0.59000
202.21835   0.59000
203.18591   0.59000
204.15346   0.59000
205.12101   0.59000
206.08856   0.59000
207.05611   0.59000
208.02367   0.59000
208.99122   0.59000
209.95877   0.59000
210.92632   0.58000
211.89387   0.58000
212.86143   0.58000
213.82898   0.58000
214.79653   0.58000
215.76408   0.58000
216.73163   0.58000
217.69919   0.58000
218.66674   0.58000
219.63429   0.58000
220.60184   0.56000
221.56939   0.56000
222.53695   0.56000
223.50450   0.55000
224.47205   0.55000
225.43960   0.54000
226.40715   0.53000
227.37471   0.53000
228.34226   0.53000
229.30981   0.53000
230.27736   0.53000
231.24491   0.53000
232.21246   0.53000
233.18002   0.53000
234.14757   0.53000
235.11512   0.52000
236.08267   0.52000
237.05022   0.52000
238.01778   0.52000
238.98533   0.52000
239.95288   0.52000
240.92043   0.52000
241.88798   0.52000
242.85554   0.52000
243.82309   0.52000
244.79064   0.52000
245.75819   0.52000
246.72574   0.51000
247.69330   0.51000
248.66085   0.51000
249.62840   0.51000
250.59595   0.51000
251.56350   0.51000
252.53106   0.50000
253.49861   0.49000
254.46616   0.49000
255.43371   0.49000
256.40126   0.49000
257.36882   0.49000
258.33637   0.49000
259.30392   0.49000
260.27147   0.49000
261.23902   0.49000
262.20657   0.49000
263.17413   0.49000
264.14168   0.49000
265.10923   0.48000
266.07678   0.48000
267.04433   0.48000
268.01189   0.48000
268.97944   0.47000
269.94699   0.45000
270.91454   0.45000
271.88209   0.45000
272.84965   0.45000
273.81720   0.45000
274.78475   0.45000
275.75230   0.45000
276.71985   0.45000
277.68741   0.45000
278.65496   0.45000
279.62251   0.45000
280.59006   0.45000
281.55761   0.45000
282.52517   0.45000
283.49272   0.45000
284.46027   0.45000
285.42782   0.45000
286.39537   0.44000
287.36293   0.44000
288.33048   0.44000
289.29803   0.44000
290.26558   0.44000
291.23313   0.44000
292.20068   0.44000
293.16824   0.44000
294.13579   0.40000
295.10334   0.41000
296.07089   0.41000
297.03844   0.41000
298.00600   0.42000
298.97355   0.42000
299.94110   0.42000
300.90865   0.42000
301.87620   0.42000
302.84376   0.42000
303.81131   0.42000
304.77886   0.42000
305.74641   0.42000
306.71396   0.42000
307.68152   0.42000
308.64907   0.42000
309.61662   0.42000
310.58417   0.42000
311.55172   0.42000
312.51928   0.42000
313.48683   0.42000
314.45438   0.42000
315.42193   0.42000
316.38948   0.42000
317.35704   0.42000
318.32459   0.42000
319.29214   0.42000
320.25969   0.42000
321.22724   0.41000
322.19479   0.41000
323.16235   0.41000
324.12990   0.41000
325.09745   0.41000
326.06500   0.41000
327.03255   0.41000
328.00011   0.41000
328.96766   0.41000
329.93521   0.41000
330.90276   0.41000
331.87031   0.41000
332.83787   0.40000
333.80542   0.40000
334.77297   0.39000
335.74052   0.38000
336.70807   0.37000
337.67563   0.39000
338.64318   0.38000
339.61073   0.37000
340.57828   0.37000
341.54583   0.36000
342.51339   0.36000
343.48094   0.36000
344.44849   0.35000
345.41604   0.35000
346.38359   0.35000
347.35115   0.35000
348.31870   0.36000
349.28625   0.36000
350.25380   0.36000
351.22135   0.36000
352.18890   0.36000
353.15646   0.36000
354.12401   0.36000
355.09156   0.36000
356.05911   0.36000
357.02666   0.36000
357.99422   0.36000
358.96177   0.36000
359.92932   0.36000
360.89687   0.36000
361.86442   0.36000
362.83198   0.36000
363.79953   0.36000
364.76708   0.36000
365.73463   0.36000
366.70218   0.36000
367.66974   0.36000
368.63729   0.36000
369.60484   0.36000
370.57239   0.36000
371.53994   0.36000
372.50750   0.36000
373.47505   0.36000
374.44260   0.36000
375.41015   0.36000
376.37770   0.36000
377.34526   0.35000
378.31281   0.35000
379.28036   0.34000
380.24791   0.34000
381.21546   0.34000
382.18301   0.34000
383.15057   0.33000
384.11812   0.33000
385.08567   0.31000
386.05322   0.34000
387.02077   0.30000
387.98833   0.29000
388.95588   0.29000
389.92343   0.29000
390.89098   0.29000
391.85853   0.29000
392.82609   0.31000
393.79364   0.30000
394.76119   0.30000
395.72874   0.32000
396.69629   0.31000
397.66385   0.31000
398.63140   0.31000
399.59895   0.31000
400.56650   0.31000
401.53405   0.31000
402.50161   0.32000
403.46916   0.32000
404.43671   0.32000
405.40426   0.32000
406.37181   0.32000
407.33937   0.32000
408.30692   0.32000
409.27447   0.32000
410.24202   0.32000
411.20957   0.32000
412.17712   0.32000
413.14468   0.32000
414.11223   0.32000
415.07978   0.32000
416.04733   0.32000
417.01488   0.32000
417.98244   0.32000
418.94999   0.32000
419.91754   0.32000
420.88509   0.32000
421.85264   0.32000
422.82020   0.32000
423.78775   0.32000
424.75530   0.32000
425.72285   0.32000
426.69040   0.32000
427.65796   0.32000
428.62551   0.32000
429.59306   0.32000
430.56061   0.32000
431.52816   0.32000
432.49572   0.32000
433.46327   0.32000
434.43082   0.32000
435.39837   0.32000
436.36592   0.32000
437.33348   0.32000
438.30103   0.32000
439.26858   0.32000
440.23613   0.32000
441.20368   0.32000
442.17123   0.32000
443.13879   0.32000
444.10634   0.32000
445.07389   0.32000
446.04144   0.32000
447.00899   0.32000
447.97655   0.32000
448.94410   0.32000
449.91165   0.30000
450.87920   0.31000
451.84675   0.31000
452.81431   0.29000
453.78186   0.29000
454.74941   0.29000
455.71696   0.28000
456.68451   0.28000
457.65207   0.28000
458.61962   0.28000
459.58717   0.28000
460.55472   0.28000
461.52227   0.28000
462.48983   0.27000
463.45738   0.27000
464.42493   0.27000
465.39248   0.27000
466.36003   0.28000
467.32759   0.28000
468.29514   0.28000
469.26269   0.27000
470.23024   0.27000
471.19779   0.27000
472.16534   0.27000
473.13290   0.27000
474.10045   0.27000
475.06800   0.27000
476.03555   0.27000
477.00310   0.27000
477.97066   0.27000
478.93821   0.27000
479.90576   0.27000
480.87331   0.27000
481.84086   0.27000
482.80842   0.27000
483.77597   0.27000
484.74352   0.27000
485.71107   0.27000
486.67862   0.27000
487.64618   0.27000
488.61373   0.27000
489.58128   0.27000
490.54883   0.27000
491.51638   0.27000
492.48394   0.27000
493.45149   0.27000
494.41904   0.26000
495.38659   0.26000
496.35414   0.25000
497.32170   0.22000
498.28925   0.23000
499.25680   0.19000
500.22435   0.19000
501.19190   0.20000
502.15945   0.20000
503.12701   0.19000
504.09456   0.17000
505.06211   0.18000
506.02966   0.18000
506.99721   0.17000
507.96477   0.13000
508.93232   0.14000
509.89987   0.11000
510.86742   0.13000
511.83497   0.13000
512.80253   0.15000
513.77008   0.14000
514.73763   0.12000
515.70518   0.13000
516.67273   0.13000
517.64029   0.14000
518.60784   0.14000
519.57539   0.14000
520.54294   0.14000
521.51049   0.14000
522.47805   0.14000
523.44560   0.14000
524.41315   0.14000
525.38070   0.14000
526.34825   0.14000
527.31581   0.14000
528.28336   0.14000
529.25091   0.14000
530.21846   0.14000
531.18601   0.14000
532.15357   0.14000
533.12112   0.14000
534.08867   0.14000
535.05622   0.14000
536.02377   0.14000
536.99132   0.14000
537.95888   0.15000
538.92643   0.15000
539.89398   0.15000
540.86153   0.15000
541.82908   0.15000
542.79664   0.15000
543.76419   0.14000
544.73174   0.15000
545.69929   0.14000
546.66684   0.11000
547.63440   0.10000
548.60195   0.08000
549.56950   0.07000
550.53705   0.08000
551.50460   0.07000
552.47216   0.08000
553.43971   0.09000
554.40726   0.06000
555.37481   0.06000
556.34236   0.07000
557.30992   0.06000
558.27747   0.08000
559.24502   0.08000
560.21257   0.08000
561.18012   0.09000
562.14768   0.09000
563.11523   0.08000
564.08278   0.09000
565.05033   0.09000
566.01788   0.09000
566.98543   0.09000
567.95299   0.07000
568.92054   0.07000
569.88809   0.09000
570.85564   0.09000
571.82319   0.08000
572.79075   0.08000
573.75830   0.08000
574.72585   0.08000
575.69340   0.09000
576.66095   0.08000
577.62851   0.09000
578.59606   0.08000
579.56361   0.09000
580.53116   0.09000
581.49871   0.10000
582.46627   0.09000
583.43382   0.08000
584.40137   0.08000
585.36892   0.07000
586.33647   0.07000
587.30403   0.10000
588.27158   0.09000
589.23913   0.10000
590.20668   0.09000
591.17423   0.06000
592.14179   0.07000
593.10934   0.07000
594.07689   0.07000
595.04444   0.06000
596.01199   0.06000
596.97954   0.06000
597.94710   0.07000
598.91465   0.07000
599.88220   0.07000
600.84975   0.07000
601.81730   0.07000
602.78486   0.09000
603.75241   0.07000
604.71996   0.08000
605.68751   0.07000
606.65506   0.05000
607.62262   0.04000
608.59017   0.03000
609.55772   0.04000
610.52527   0.04000
611.49282   0.03000
612.46038   0.02000
613.42793   0.03000
614.39548   0.02000
615.36303   0.05000
616.33058   0.05000
617.29814   0.05000
618.26569   0.05000
619.23324   0.05000
620.20079   0.04000
621.16834   0.05000
622.13590   0.05000
623.10345   0.05000
624.07100   0.05000
625.03855   0.06000
626.00610   0.06000
626.97365   0.06000
627.94121   0.04000
628.90876   0.04000
629.87631   0.04000
630.84386   0.04000
631.81141   0.04000
632.77897   0.04000
633.74652   0.04000
634.71407   0.04000
635.68162   0.04000
636.64917   0.05000
637.61673   0.04000
638.58428   0.04000
639.55183   0.04000
640.51938   0.04000
641.48693   0.04000
642.45449   0.04000
643.42204   0.05000
644.38959   0.05000
645.35714   0.05000
646.32469   0.05000
647.29225   0.04000
648.25980   0.04000
649.22735   0.04000
650.19490   0.05000
651.16245   0.05000
652.13001   0.05000
653.09756   0.04000
654.06511   0.04000
655.03266   0.04000
656.00021   0.04000
656.96776   0.04000
657.93532   0.04000
658.90287   0.04000
659.87042   0.04000
660.83797   0.04000
661.80552   0.04000
662.77308   0.04000
663.74063   0.04000
664.70818   0.04000
665.67573   0.03000
666.64328   0.03000
667.61084   0.03000
668.57839   0.03000
669.54594   0.03000
670.51349   0.03000
671.48104   0.03000
672.44860   0.03000
673.41615   0.03000
674.38370   0.03000
675.35125   0.03000
676.31880   0.03000
677.28636   0.03000
678.25391   0.03000
679.22146   0.03000
680.18901   0.03000
681.15656   0.03000
682.12412   0.03000
683.09167   0.03000
684.05922   0.03000
685.02677   0.03000
685.99432   0.03000
686.96187   0.03000
687.92943   0.03000
688.89698   0.03000
689.86453   0.03000
690.83208   0.03000
691.79963   0.02000
692.76719   0.02000
693.73474   0.02000
694.70229   0.03000
695.66984   0.03000
696.63739   0.03000
697.60495   0.03000
698.57250   0.02000
699.54005   0.02000
700.50760   0.02000
701.47515   0.03000
702.44271   0.03000
703.41026   0.03000
704.37781   0.03000
705.34536   0.02000
706.31291   0.03000
707.28047   0.03000
708.24802   0.03000
709.21557   0.02000
710.18312   0.02000
711.15067   0.02000
712.11823   0.02000
713.08578   0.02000
714.05333   0.02000
715.02088   0.02000
715.98843   0.01000
716.95598   0.01000
717.92354   0.01000
718.89109   0.01000
719.85864   0.02000
720.82619   0.02000
721.79374   0.02000
722.76130   0.02000
723.72885   0.01000
724.69640   0.01000
725.66395   0.01000
726.63150   0.01000
727.59906   0.01000
728.56661   0.01000
729.53416   0.01000
730.50171   0.01000
731.46926   0.01000
732.43682   0.01000
733.40437   0.01000
734.37192   0.01000
735.33947   0.01000
736.30702   0.01000
737.27458   0.01000
738.24213   0.01000
739.20968   0.01000
740.17723   0.01000
741.14478   0.01000
742.11234   0.01000
743.07989   0.01000
744.04744   0.01000
745.01499   0.01000
745.98254   0.01000
746.95009   0.01000
747.91765   0.01000
748.88520   0.01000
749.85275   0.01000
750.82030   0.01000
751.78785   0.01000
752.75541   0.01000
753.72296   0.01000
754.69051   0.01000
755.65806   0.01000
756.62561   0.01000
757.59317   0.01000
758.56072   0.01000
759.52827   0.01000
760.49582   0.01000
761.46337   0.01000
762.43093   0.01000
763.39848   0.01000
764.36603   0.01000
765.33358   0.01000
766.30113   0.01000
767.26869   0.01000
768.23624   0.01000
769.20379   0.01000
770.17134   0.01000
771.13889   0.01000
772.10645   0.01000
773.07400   0.01000
774.04155   0.01000
775.00910   0.01000
775.97665   0.01000
776.94420   0.01000
777.91176   0.01000
778.87931   0.01000
779.84686   0.01000
780.81441   0.01000
781.78196   0.01000
782.74952   0.01000
783.71707   0.01000
784.68462   0.01000
785.65217   0.01000
786.61972   0.01000
787.58728   0.01000
788.55483   0.01000
789.52238   0.01000
790.48993   0.01000
791.45748   0.01000
792.42504   0.01000
793.39259   0.01000
794.36014   0.01000
795.32769   0.01000
796.29524   0.01000
797.26280   0.01000
798.23035   0.01000
799.19790   0.01000
800.16545   0.01000
801.13300   0.01000
802.10056   0.01000
803.06811   0.01000
804.03566   0.01000
805.00321   0.01000
805.97076   0.01000
806.93831   0.01000
807.90587   0.01000
808.87342   0.01000
809.84097   0.01000
810.80852   0.01000
811.77607   0.01000
812.74363   0.01000
813.71118   0.01000
814.67873   0.01000
815.64628   0.01000
816.61383   0.01000
817.58139   0.01000
818.54894   0.01000
819.51649   0.01000
820.48404   0.01000
821.45159   0.01000
822.41915   0.01000
823.38670   0.01000
824.35425   0.01000
825.32180   0.01000
826.28935   0.01000
827.25691   0.01000
828.22446   0.01000
829.19201   0.01000
830.15956   0.01000
831.12711   0.01000
832.09467   0.01000
833.06222   0.01000
834.02977   0.01000
834.99732   0.01000
835.96487   0.01000
836.93242   0.01000
837.89998   0.01000
838.86753   0.01000
839.83508   0.01000
840.80263   0.01000
841.77018   0.01000
842.73774   0.01000
843.70529   0.01000
844.67284   0.01000
845.64039   0.01000
846.60794   0.01000
847.57550   0.01000
848.54305   0.01000
849.51060   0.01000
850.47815   0.01000
851.44570   0.01000
852.41326   0.01000
853.38081   0.01000
854.34836   0.01000
855.31591   0.01000
856.28346   0.01000
857.25102   0.01000
858.21857   0.01000
859.18612   0.01000
860.15367   0.01000
861.12122   0.01000
862.08878   0.01000
863.05633   0.01000
864.02388   0.01000
864.99143   0.01000
865.95898   0.01000
866.92653   0.01000
867.89409   0.01000
868.86164   0.01000
869.82919   0.01000
870.79674   0.01000
871.76429   0.01000
872.73185   0.01000
873.69940   0.01000
874.66695   0.01000
875.63450   0.01000
876.60205   0.01000
877.56961   0.01000
878.53716   0.01000
879.50471   0.01000
880.47226   0.01000
881.43981   0.01000
882.40737   0.01000
883.37492   0.01000
884.34247   0.01000
885.31002   0.01000
886.27757   0.01000
887.24513   0.01000
888.21268   0.01000
889.18023   0.01000
890.14778   0.01000
891.11533   0.01000
892.08289   0.01000
893.05044   0.01000
894.01799   0.01000
894.98554   0.01000
895.95309   0.01000
896.92065   0.01000
897.88820   0.01000
898.85575   0.01000
899.82330   0.01000
900.79085   0.01000
901.75840   0.01000
902.72596   0.01000
903.69351   0.01000
904.66106   0.01000
905.62861   0.01000
906.59616   0.01000
907.56372   0.01000
908.53127   0.01000
909.49882   0.01000
910.46637   0.01000
911.43392   0.01000
912.40148   0.01000
913.36903   0.01000
914.33658   0.01000
915.30413   0.01000
916.27168   0.01000
917.23924   0.01000
918.20679   0.01000
919.17434   0.01000
920.14189   0.01000
921.10944   0.01000
922.07700   0.01000
923.04455   0.01000
924.01210   0.01000
924.97965   0.01000
925.94720   0.01000
926.91476   0.01000
927.88231   0.01000
928.84986   0.01000
929.81741   0.01000
930.78496   0.01000
931.75251   0.01000
932.72007   0.01000
933.68762   0.01000
934.65517   0.01000
935.62272   0.01000
936.59027   0.01000
937.55783   0.01000
938.52538   0.01000
939.49293   0.01000
940.46048   0.01000
941.42803   0.01000
942.39559   0.01000
943.36314   0.01000
944.33069   0.01000
945.29824   0.01000
946.26579   0.01000
947.23335   0.01000
948.20090   0.01000
949.16845   0.01000
950.13600   0.01000
951.10355   0.01000
952.07111   0.01000
953.03866   0.01000
954.00621   0.01000
954.97376   0.01000
955.94131   0.01000
956.90887   0.01000
957.87642   0.01000
958.84397   0.01000
959.81152   0.01000
960.77907   0.01000
961.74662   0.01000
962.71418   0.01000
963.68173   0.01000
964.64928   0.01000
965.61683   0.01000
966.58438   0.01000
