#Time (fs) #S2 Pop       # S1 Pop        # S0 Pop
 0.00000   1.00000	 0.00000	 0.00000
 0.96755   1.00000	 0.00000	 0.00000
 1.93510   1.00000	 0.00000	 0.00000
 2.90266   1.00000	 0.00000	 0.00000
 3.87021   1.00000	 0.00000	 0.00000
 4.83776   1.00000	 0.00000	 0.00000
 5.80531   1.00000	 0.00000	 0.00000
 6.77286   1.00000	 0.00000	 0.00000
 7.74042   1.00000	 0.00000	 0.00000
 8.70797   1.00000	 0.00000	 0.00000
 9.67552   1.00000	 0.00000	 0.00000
10.64307   1.00000	 0.00000	 0.00000
11.61062   1.00000	 0.00000	 0.00000
12.57818   1.00000	 0.00000	 0.00000
13.54573   1.00000	 0.00000	 0.00000
14.51328   1.00000	 0.00000	 0.00000
15.48083   1.00000	 0.00000	 0.00000
16.44838   1.00000	 0.00000	 0.00000
17.41593   1.00000	 0.00000	 0.00000
18.38349   1.00000	 0.00000	 0.00000
19.35104   1.00000	 0.00000	 0.00000
20.31859   1.00000	 0.00000	 0.00000
21.28614   1.00000	 0.00000	 0.00000
22.25369   1.00000	 0.00000	 0.00000
23.22125   1.00000	 0.00000	 0.00000
24.18880   1.00000	 0.00000	 0.00000
25.15635   1.00000	 0.00000	 0.00000
26.12390   1.00000	 0.00000	 0.00000
27.09145   1.00000	 0.00000	 0.00000
28.05901   1.00000	 0.00000	 0.00000
29.02656   1.00000	 0.00000	 0.00000
29.99411   1.00000	 0.00000	 0.00000
30.96166   1.00000	 0.00000	 0.00000
31.92921   1.00000	 0.00000	 0.00000
32.89677   1.00000	 0.00000	 0.00000
33.86432   1.00000	 0.00000	 0.00000
34.83187   1.00000	 0.00000	 0.00000
35.79942   1.00000	 0.00000	 0.00000
36.76697   1.00000	 0.00000	 0.00000
37.73453   1.00000	 0.00000	 0.00000
38.70208   1.00000	 0.00000	 0.00000
39.66963   1.00000	 0.00000	 0.00000
40.63718   1.00000	 0.00000	 0.00000
41.60473   1.00000	 0.00000	 0.00000
42.57229   0.98077	 0.01923	 0.00000
43.53984   0.96154	 0.03846	 0.00000
44.50739   0.96154	 0.03846	 0.00000
45.47494   0.96154	 0.03846	 0.00000
46.44249   0.96154	 0.03846	 0.00000
47.41004   0.96154	 0.03846	 0.00000
48.37760   0.94231	 0.05769	 0.00000
49.34515   0.94231	 0.05769	 0.00000
50.31270   0.94231	 0.05769	 0.00000
51.28025   0.94231	 0.05769	 0.00000
52.24780   0.94231	 0.05769	 0.00000
53.21536   0.94231	 0.05769	 0.00000
54.18291   0.94231	 0.05769	 0.00000
55.15046   0.94231	 0.05769	 0.00000
56.11801   0.94231	 0.05769	 0.00000
57.08556   0.94231	 0.05769	 0.00000
58.05312   0.94231	 0.05769	 0.00000
59.02067   0.94231	 0.05769	 0.00000
59.98822   0.94231	 0.05769	 0.00000
60.95577   0.92308	 0.07692	 0.00000
61.92332   0.92308	 0.07692	 0.00000
62.89088   0.92308	 0.07692	 0.00000
63.85843   0.92308	 0.07692	 0.00000
64.82598   0.92308	 0.07692	 0.00000
65.79353   0.90385	 0.09615	 0.00000
66.76108   0.90385	 0.09615	 0.00000
67.72864   0.90385	 0.09615	 0.00000
68.69619   0.90385	 0.09615	 0.00000
69.66374   0.90385	 0.09615	 0.00000
70.63129   0.92308	 0.07692	 0.00000
71.59884   0.92308	 0.07692	 0.00000
72.56640   0.92308	 0.07692	 0.00000
73.53395   0.92308	 0.07692	 0.00000
74.50150   0.90385	 0.09615	 0.00000
75.46905   0.90385	 0.09615	 0.00000
76.43660   0.90385	 0.09615	 0.00000
77.40415   0.90385	 0.09615	 0.00000
78.37171   0.90385	 0.09615	 0.00000
79.33926   0.90385	 0.09615	 0.00000
80.30681   0.90385	 0.09615	 0.00000
81.27436   0.90385	 0.09615	 0.00000
82.24191   0.90385	 0.09615	 0.00000
83.20947   0.90385	 0.09615	 0.00000
84.17702   0.92308	 0.07692	 0.00000
85.14457   0.92308	 0.07692	 0.00000
86.11212   0.92308	 0.07692	 0.00000
87.07967   0.92308	 0.07692	 0.00000
88.04723   0.92308	 0.07692	 0.00000
89.01478   0.92308	 0.07692	 0.00000
89.98233   0.92308	 0.07692	 0.00000
90.94988   0.92308	 0.07692	 0.00000
91.91743   0.92308	 0.07692	 0.00000
92.88499   0.90385	 0.09615	 0.00000
93.85254   0.92308	 0.07692	 0.00000
94.82009   0.92308	 0.07692	 0.00000
95.78764   0.92308	 0.07692	 0.00000
96.75519   0.92308	 0.07692	 0.00000
97.72275   0.92308	 0.07692	 0.00000
98.69030   0.92308	 0.07692	 0.00000
99.65785   0.92308	 0.07692	 0.00000
100.62540   0.92308	  0.07692	  0.00000
101.59295   0.92308	  0.07692	  0.00000
102.56051   0.92308	  0.07692	  0.00000
103.52806   0.88462	  0.11538	  0.00000
104.49561   0.90385	  0.09615	  0.00000
105.46316   0.90385	  0.09615	  0.00000
106.43071   0.90385	  0.09615	  0.00000
107.39826   0.92308	  0.07692	  0.00000
108.36582   0.92308	  0.07692	  0.00000
109.33337   0.92308	  0.07692	  0.00000
110.30092   0.92308	  0.07692	  0.00000
111.26847   0.92308	  0.07692	  0.00000
112.23602   0.92308	  0.07692	  0.00000
113.20358   0.92308	  0.07692	  0.00000
114.17113   0.92308	  0.07692	  0.00000
115.13868   0.92308	  0.07692	  0.00000
116.10623   0.92308	  0.07692	  0.00000
117.07378   0.92308	  0.07692	  0.00000
118.04134   0.92308	  0.07692	  0.00000
119.00889   0.92308	  0.07692	  0.00000
119.97644   0.92308	  0.07692	  0.00000
120.94399   0.90385	  0.09615	  0.00000
121.91154   0.90385	  0.09615	  0.00000
122.87910   0.90385	  0.09615	  0.00000
123.84665   0.90385	  0.09615	  0.00000
124.81420   0.88462	  0.11538	  0.00000
125.78175   0.88462	  0.11538	  0.00000
126.74930   0.88462	  0.11538	  0.00000
127.71686   0.88462	  0.11538	  0.00000
128.68441   0.88462	  0.11538	  0.00000
129.65196   0.88462	  0.11538	  0.00000
130.61951   0.92308	  0.07692	  0.00000
131.58706   0.92308	  0.07692	  0.00000
132.55462   0.90385	  0.09615	  0.00000
133.52217   0.90385	  0.09615	  0.00000
134.48972   0.90385	  0.09615	  0.00000
135.45727   0.90385	  0.09615	  0.00000
136.42482   0.90385	  0.09615	  0.00000
137.39237   0.88462	  0.11538	  0.00000
138.35993   0.88462	  0.11538	  0.00000
139.32748   0.88462	  0.11538	  0.00000
140.29503   0.88462	  0.11538	  0.00000
141.26258   0.88462	  0.11538	  0.00000
142.23013   0.88462	  0.11538	  0.00000
143.19769   0.90385	  0.09615	  0.00000
144.16524   0.90385	  0.09615	  0.00000
145.13279   0.90385	  0.09615	  0.00000
146.10034   0.90385	  0.09615	  0.00000
147.06789   0.90385	  0.09615	  0.00000
148.03545   0.90385	  0.09615	  0.00000
149.00300   0.90385	  0.09615	  0.00000
149.97055   0.90385	  0.09615	  0.00000
150.93810   0.90385	  0.09615	  0.00000
151.90565   0.90385	  0.09615	  0.00000
152.87321   0.90385	  0.09615	  0.00000
153.84076   0.88462	  0.11538	  0.00000
154.80831   0.88462	  0.11538	  0.00000
155.77586   0.90385	  0.09615	  0.00000
156.74341   0.92308	  0.07692	  0.00000
157.71097   0.92308	  0.07692	  0.00000
158.67852   0.92308	  0.07692	  0.00000
159.64607   0.88462	  0.11538	  0.00000
160.61362   0.88462	  0.11538	  0.00000
161.58117   0.90385	  0.09615	  0.00000
162.54873   0.90385	  0.09615	  0.00000
163.51628   0.88462	  0.11538	  0.00000
164.48383   0.88462	  0.11538	  0.00000
165.45138   0.88462	  0.09615	  0.01923
166.41893   0.90385	  0.07692	  0.01923
167.38648   0.92308	  0.05769	  0.01923
168.35404   0.92308	  0.05769	  0.01923
169.32159   0.94231	  0.03846	  0.01923
170.28914   0.94231	  0.03846	  0.01923
171.25669   0.94231	  0.01923	  0.03846
172.22424   0.94231	  0.01923	  0.03846
173.19180   0.94231	  0.01923	  0.03846
174.15935   0.94231	  0.01923	  0.03846
175.12690   0.94231	  0.01923	  0.03846
176.09445   0.94231	  0.01923	  0.03846
177.06200   0.94231	  0.01923	  0.03846
178.02956   0.94231	  0.01923	  0.03846
178.99711   0.94231	  0.01923	  0.03846
179.96466   0.94231	  0.01923	  0.03846
180.93221   0.94231	  0.01923	  0.03846
181.89976   0.94231	  0.01923	  0.03846
182.86732   0.92308	  0.03846	  0.03846
183.83487   0.88462	  0.07692	  0.03846
184.80242   0.88462	  0.07692	  0.03846
185.76997   0.88462	  0.07692	  0.03846
186.73752   0.88462	  0.07692	  0.03846
187.70508   0.86538	  0.09615	  0.03846
188.67263   0.86538	  0.09615	  0.03846
189.64018   0.86538	  0.09615	  0.03846
190.60773   0.86538	  0.09615	  0.03846
191.57528   0.86538	  0.09615	  0.03846
192.54284   0.86538	  0.09615	  0.03846
193.51039   0.86538	  0.09615	  0.03846
194.47794   0.86538	  0.09615	  0.03846
195.44549   0.86538	  0.09615	  0.03846
196.41304   0.86538	  0.09615	  0.03846
197.38060   0.86538	  0.09615	  0.03846
198.34815   0.86538	  0.09615	  0.03846
199.31570   0.84615	  0.11538	  0.03846
200.28325   0.86538	  0.09615	  0.03846
201.25080   0.88462	  0.07692	  0.03846
202.21835   0.88462	  0.07692	  0.03846
203.18591   0.88462	  0.07692	  0.03846
204.15346   0.88462	  0.07692	  0.03846
205.12101   0.88462	  0.07692	  0.03846
206.08856   0.88462	  0.07692	  0.03846
207.05611   0.88462	  0.07692	  0.03846
208.02367   0.88462	  0.07692	  0.03846
208.99122   0.88462	  0.07692	  0.03846
209.95877   0.86538	  0.09615	  0.03846
210.92632   0.88462	  0.07692	  0.03846
211.89387   0.86538	  0.09615	  0.03846
212.86143   0.86538	  0.09615	  0.03846
213.82898   0.86538	  0.09615	  0.03846
214.79653   0.86538	  0.09615	  0.03846
215.76408   0.86538	  0.09615	  0.03846
216.73163   0.86538	  0.09615	  0.03846
217.69919   0.86538	  0.09615	  0.03846
218.66674   0.90385	  0.05769	  0.03846
219.63429   0.88462	  0.07692	  0.03846
220.60184   0.86538	  0.09615	  0.03846
221.56939   0.86538	  0.09615	  0.03846
222.53695   0.88462	  0.07692	  0.03846
223.50450   0.90385	  0.05769	  0.03846
224.47205   0.90385	  0.05769	  0.03846
225.43960   0.90385	  0.05769	  0.03846
226.40715   0.88462	  0.07692	  0.03846
227.37471   0.86538	  0.09615	  0.03846
228.34226   0.86538	  0.09615	  0.03846
229.30981   0.84615	  0.11538	  0.03846
230.27736   0.84615	  0.11538	  0.03846
231.24491   0.84615	  0.11538	  0.03846
232.21246   0.82692	  0.11538	  0.05769
233.18002   0.80769	  0.13462	  0.05769
234.14757   0.80769	  0.13462	  0.05769
235.11512   0.80769	  0.13462	  0.05769
236.08267   0.80769	  0.13462	  0.05769
237.05022   0.76923	  0.17308	  0.05769
238.01778   0.76923	  0.17308	  0.05769
238.98533   0.76923	  0.17308	  0.05769
239.95288   0.76923	  0.17308	  0.05769
240.92043   0.75000	  0.19231	  0.05769
241.88798   0.75000	  0.19231	  0.05769
242.85554   0.75000	  0.19231	  0.05769
243.82309   0.76923	  0.17308	  0.05769
244.79064   0.78846	  0.15385	  0.05769
245.75819   0.78846	  0.15385	  0.05769
246.72574   0.78846	  0.15385	  0.05769
247.69330   0.78846	  0.15385	  0.05769
248.66085   0.78846	  0.15385	  0.05769
249.62840   0.76923	  0.17308	  0.05769
250.59595   0.76923	  0.17308	  0.05769
251.56350   0.76923	  0.17308	  0.05769
252.53106   0.76923	  0.17308	  0.05769
253.49861   0.75000	  0.19231	  0.05769
254.46616   0.75000	  0.19231	  0.05769
255.43371   0.75000	  0.19231	  0.05769
256.40126   0.75000	  0.19231	  0.05769
257.36882   0.75000	  0.19231	  0.05769
258.33637   0.75000	  0.19231	  0.05769
259.30392   0.76923	  0.17308	  0.05769
260.27147   0.76923	  0.17308	  0.05769
261.23902   0.76923	  0.17308	  0.05769
262.20657   0.75000	  0.19231	  0.05769
263.17413   0.75000	  0.19231	  0.05769
264.14168   0.73077	  0.21154	  0.05769
265.10923   0.71154	  0.23077	  0.05769
266.07678   0.71154	  0.23077	  0.05769
267.04433   0.71154	  0.23077	  0.05769
268.01189   0.71154	  0.23077	  0.05769
268.97944   0.71154	  0.23077	  0.05769
269.94699   0.71154	  0.23077	  0.05769
270.91454   0.69231	  0.25000	  0.05769
271.88209   0.69231	  0.25000	  0.05769
272.84965   0.69231	  0.25000	  0.05769
273.81720   0.69231	  0.25000	  0.05769
274.78475   0.69231	  0.25000	  0.05769
275.75230   0.69231	  0.25000	  0.05769
276.71985   0.69231	  0.25000	  0.05769
277.68741   0.69231	  0.25000	  0.05769
278.65496   0.69231	  0.25000	  0.05769
279.62251   0.71154	  0.23077	  0.05769
280.59006   0.69231	  0.25000	  0.05769
281.55761   0.71154	  0.23077	  0.05769
282.52517   0.73077	  0.21154	  0.05769
283.49272   0.73077	  0.21154	  0.05769
284.46027   0.75000	  0.19231	  0.05769
285.42782   0.75000	  0.19231	  0.05769
286.39537   0.75000	  0.19231	  0.05769
287.36293   0.73077	  0.21154	  0.05769
288.33048   0.73077	  0.21154	  0.05769
289.29803   0.73077	  0.21154	  0.05769
290.26558   0.73077	  0.21154	  0.05769
291.23313   0.73077	  0.21154	  0.05769
292.20068   0.71154	  0.23077	  0.05769
293.16824   0.69231	  0.25000	  0.05769
294.13579   0.73077	  0.21154	  0.05769
295.10334   0.71154	  0.23077	  0.05769
296.07089   0.69231	  0.25000	  0.05769
297.03844   0.67308	  0.26923	  0.05769
298.00600   0.67308	  0.26923	  0.05769
298.97355   0.65385	  0.28846	  0.05769
299.94110   0.65385	  0.28846	  0.05769
300.90865   0.65385	  0.28846	  0.05769
301.87620   0.65385	  0.28846	  0.05769
302.84376   0.65385	  0.28846	  0.05769
303.81131   0.67308	  0.26923	  0.05769
304.77886   0.65385	  0.28846	  0.05769
305.74641   0.65385	  0.28846	  0.05769
306.71396   0.65385	  0.28846	  0.05769
307.68152   0.61538	  0.32692	  0.05769
308.64907   0.57692	  0.36538	  0.05769
309.61662   0.59615	  0.34615	  0.05769
310.58417   0.59615	  0.34615	  0.05769
311.55172   0.61538	  0.32692	  0.05769
312.51928   0.61538	  0.32692	  0.05769
313.48683   0.63462	  0.30769	  0.05769
314.45438   0.65385	  0.28846	  0.05769
315.42193   0.67308	  0.26923	  0.05769
316.38948   0.67308	  0.26923	  0.05769
317.35704   0.67308	  0.26923	  0.05769
318.32459   0.67308	  0.26923	  0.05769
319.29214   0.69231	  0.25000	  0.05769
320.25969   0.67308	  0.26923	  0.05769
321.22724   0.69231	  0.25000	  0.05769
322.19479   0.69231	  0.25000	  0.05769
323.16235   0.71154	  0.23077	  0.05769
324.12990   0.71154	  0.23077	  0.05769
325.09745   0.71154	  0.23077	  0.05769
326.06500   0.71154	  0.23077	  0.05769
327.03255   0.69231	  0.25000	  0.05769
328.00011   0.69231	  0.25000	  0.05769
328.96766   0.73077	  0.21154	  0.05769
329.93521   0.71154	  0.23077	  0.05769
330.90276   0.69231	  0.25000	  0.05769
331.87031   0.67308	  0.26923	  0.05769
332.83787   0.65385	  0.28846	  0.05769
333.80542   0.65385	  0.28846	  0.05769
334.77297   0.65385	  0.28846	  0.05769
335.74052   0.65385	  0.28846	  0.05769
336.70807   0.63462	  0.30769	  0.05769
337.67563   0.63462	  0.30769	  0.05769
338.64318   0.63462	  0.30769	  0.05769
339.61073   0.63462	  0.30769	  0.05769
340.57828   0.63462	  0.30769	  0.05769
341.54583   0.63462	  0.30769	  0.05769
342.51339   0.63462	  0.30769	  0.05769
343.48094   0.61538	  0.32692	  0.05769
344.44849   0.63462	  0.30769	  0.05769
345.41604   0.61538	  0.32692	  0.05769
346.38359   0.61538	  0.32692	  0.05769
347.35115   0.59615	  0.32692	  0.07692
348.31870   0.61538	  0.30769	  0.07692
349.28625   0.55769	  0.36538	  0.07692
350.25380   0.55769	  0.36538	  0.07692
351.22135   0.53846	  0.38462	  0.07692
352.18890   0.55769	  0.36538	  0.07692
353.15646   0.53846	  0.36538	  0.09615
354.12401   0.57692	  0.32692	  0.09615
355.09156   0.55769	  0.34615	  0.09615
356.05911   0.57692	  0.32692	  0.09615
357.02666   0.55769	  0.34615	  0.09615
357.99422   0.53846	  0.36538	  0.09615
358.96177   0.51923	  0.38462	  0.09615
359.92932   0.51923	  0.38462	  0.09615
360.89687   0.50000	  0.40385	  0.09615
361.86442   0.48077	  0.38462	  0.13462
362.83198   0.44231	  0.42308	  0.13462
363.79953   0.42308	  0.44231	  0.13462
364.76708   0.42308	  0.44231	  0.13462
365.73463   0.44231	  0.44231	  0.11538
366.70218   0.44231	  0.44231	  0.11538
367.66974   0.40385	  0.48077	  0.11538
368.63729   0.38462	  0.50000	  0.11538
369.60484   0.40385	  0.48077	  0.11538
370.57239   0.40385	  0.48077	  0.11538
371.53994   0.38462	  0.50000	  0.11538
372.50750   0.42308	  0.46154	  0.11538
373.47505   0.42308	  0.44231	  0.13462
374.44260   0.44231	  0.42308	  0.13462
375.41015   0.42308	  0.44231	  0.13462
376.37770   0.42308	  0.44231	  0.13462
377.34526   0.40385	  0.46154	  0.13462
378.31281   0.40385	  0.48077	  0.11538
379.28036   0.44231	  0.44231	  0.11538
380.24791   0.44231	  0.44231	  0.11538
381.21546   0.42308	  0.46154	  0.11538
382.18301   0.42308	  0.46154	  0.11538
383.15057   0.42308	  0.46154	  0.11538
384.11812   0.40385	  0.48077	  0.11538
385.08567   0.40385	  0.48077	  0.11538
386.05322   0.40385	  0.48077	  0.11538
387.02077   0.40385	  0.48077	  0.11538
387.98833   0.42308	  0.46154	  0.11538
388.95588   0.42308	  0.46154	  0.11538
389.92343   0.42308	  0.46154	  0.11538
390.89098   0.42308	  0.46154	  0.11538
391.85853   0.42308	  0.46154	  0.11538
392.82609   0.42308	  0.44231	  0.13462
393.79364   0.44231	  0.42308	  0.13462
394.76119   0.40385	  0.46154	  0.13462
395.72874   0.38462	  0.48077	  0.13462
396.69629   0.38462	  0.48077	  0.13462
397.66385   0.40385	  0.46154	  0.13462
398.63140   0.40385	  0.46154	  0.13462
399.59895   0.40385	  0.46154	  0.13462
400.56650   0.40385	  0.46154	  0.13462
401.53405   0.40385	  0.46154	  0.13462
402.50161   0.40385	  0.46154	  0.13462
403.46916   0.40385	  0.46154	  0.13462
404.43671   0.42308	  0.44231	  0.13462
405.40426   0.42308	  0.44231	  0.13462
406.37181   0.42308	  0.44231	  0.13462
407.33937   0.42308	  0.44231	  0.13462
408.30692   0.42308	  0.44231	  0.13462
409.27447   0.44231	  0.42308	  0.13462
410.24202   0.44231	  0.42308	  0.13462
411.20957   0.44231	  0.42308	  0.13462
412.17712   0.42308	  0.44231	  0.13462
413.14468   0.42308	  0.44231	  0.13462
414.11223   0.42308	  0.44231	  0.13462
415.07978   0.42308	  0.44231	  0.13462
416.04733   0.42308	  0.44231	  0.13462
417.01488   0.40385	  0.46154	  0.13462
417.98244   0.40385	  0.46154	  0.13462
418.94999   0.40385	  0.46154	  0.13462
419.91754   0.40385	  0.46154	  0.13462
420.88509   0.40385	  0.46154	  0.13462
421.85264   0.38462	  0.48077	  0.13462
422.82020   0.38462	  0.48077	  0.13462
423.78775   0.42308	  0.44231	  0.13462
424.75530   0.42308	  0.44231	  0.13462
425.72285   0.42308	  0.44231	  0.13462
426.69040   0.40385	  0.46154	  0.13462
427.65796   0.42308	  0.44231	  0.13462
428.62551   0.42308	  0.44231	  0.13462
429.59306   0.40385	  0.44231	  0.15385
430.56061   0.40385	  0.44231	  0.15385
431.52816   0.40385	  0.44231	  0.15385
432.49572   0.38462	  0.46154	  0.15385
433.46327   0.36538	  0.48077	  0.15385
434.43082   0.36538	  0.48077	  0.15385
435.39837   0.36538	  0.48077	  0.15385
436.36592   0.38462	  0.46154	  0.15385
437.33348   0.36538	  0.48077	  0.15385
438.30103   0.36538	  0.48077	  0.15385
439.26858   0.36538	  0.48077	  0.15385
440.23613   0.36538	  0.48077	  0.15385
441.20368   0.34615	  0.50000	  0.15385
442.17123   0.34615	  0.51923	  0.13462
443.13879   0.36538	  0.50000	  0.13462
444.10634   0.36538	  0.50000	  0.13462
445.07389   0.36538	  0.50000	  0.13462
446.04144   0.36538	  0.50000	  0.13462
447.00899   0.36538	  0.50000	  0.13462
447.97655   0.36538	  0.50000	  0.13462
448.94410   0.38462	  0.48077	  0.13462
449.91165   0.38462	  0.48077	  0.13462
450.87920   0.38462	  0.48077	  0.13462
451.84675   0.38462	  0.48077	  0.13462
452.81431   0.38462	  0.48077	  0.13462
453.78186   0.38462	  0.48077	  0.13462
454.74941   0.38462	  0.48077	  0.13462
455.71696   0.38462	  0.48077	  0.13462
456.68451   0.38462	  0.48077	  0.13462
457.65207   0.36538	  0.50000	  0.13462
458.61962   0.34615	  0.51923	  0.13462
459.58717   0.36538	  0.50000	  0.13462
460.55472   0.34615	  0.51923	  0.13462
461.52227   0.34615	  0.51923	  0.13462
462.48983   0.36538	  0.50000	  0.13462
463.45738   0.40385	  0.46154	  0.13462
464.42493   0.42308	  0.44231	  0.13462
465.39248   0.42308	  0.44231	  0.13462
466.36003   0.42308	  0.44231	  0.13462
467.32759   0.38462	  0.48077	  0.13462
468.29514   0.36538	  0.50000	  0.13462
469.26269   0.38462	  0.48077	  0.13462
470.23024   0.36538	  0.50000	  0.13462
471.19779   0.38462	  0.48077	  0.13462
472.16534   0.40385	  0.46154	  0.13462
473.13290   0.40385	  0.46154	  0.13462
474.10045   0.36538	  0.50000	  0.13462
475.06800   0.34615	  0.51923	  0.13462
476.03555   0.34615	  0.51923	  0.13462
477.00310   0.34615	  0.51923	  0.13462
477.97066   0.36538	  0.50000	  0.13462
478.93821   0.34615	  0.51923	  0.13462
479.90576   0.34615	  0.51923	  0.13462
480.87331   0.34615	  0.51923	  0.13462
481.84086   0.34615	  0.51923	  0.13462
482.80842   0.36538	  0.50000	  0.13462
483.77597   0.34615	  0.51923	  0.13462
484.74352   0.34615	  0.51923	  0.13462
485.71107   0.34615	  0.51923	  0.13462
486.67862   0.34615	  0.51923	  0.13462
487.64618   0.34615	  0.51923	  0.13462
488.61373   0.34615	  0.51923	  0.13462
489.58128   0.34615	  0.51923	  0.13462
490.54883   0.34615	  0.51923	  0.13462
491.51638   0.34615	  0.51923	  0.13462
492.48394   0.34615	  0.50000	  0.15385
493.45149   0.36538	  0.48077	  0.15385
494.41904   0.36538	  0.48077	  0.15385
495.38659   0.36538	  0.46154	  0.17308
496.35414   0.38462	  0.44231	  0.17308
497.32170   0.38462	  0.44231	  0.17308
498.28925   0.38462	  0.46154	  0.15385
499.25680   0.40385	  0.44231	  0.15385
500.22435   0.40385	  0.44231	  0.15385
501.19190   0.38462	  0.46154	  0.15385
502.15945   0.36538	  0.48077	  0.15385
503.12701   0.36538	  0.48077	  0.15385
504.09456   0.36538	  0.48077	  0.15385
505.06211   0.36538	  0.48077	  0.15385
506.02966   0.36538	  0.48077	  0.15385
506.99721   0.36538	  0.48077	  0.15385
507.96477   0.36538	  0.48077	  0.15385
508.93232   0.38462	  0.46154	  0.15385
509.89987   0.38462	  0.46154	  0.15385
510.86742   0.36538	  0.48077	  0.15385
511.83497   0.36538	  0.48077	  0.15385
512.80253   0.34615	  0.50000	  0.15385
513.77008   0.34615	  0.50000	  0.15385
514.73763   0.34615	  0.50000	  0.15385
515.70518   0.36538	  0.48077	  0.15385
516.67273   0.36538	  0.48077	  0.15385
517.64029   0.36538	  0.48077	  0.15385
518.60784   0.36538	  0.48077	  0.15385
519.57539   0.36538	  0.48077	  0.15385
520.54294   0.36538	  0.48077	  0.15385
521.51049   0.36538	  0.48077	  0.15385
522.47805   0.34615	  0.50000	  0.15385
523.44560   0.34615	  0.50000	  0.15385
524.41315   0.34615	  0.50000	  0.15385
525.38070   0.34615	  0.50000	  0.15385
526.34825   0.34615	  0.50000	  0.15385
527.31581   0.34615	  0.48077	  0.17308
528.28336   0.34615	  0.48077	  0.17308
529.25091   0.32692	  0.50000	  0.17308
530.21846   0.32692	  0.50000	  0.17308
531.18601   0.32692	  0.50000	  0.17308
532.15357   0.34615	  0.48077	  0.17308
533.12112   0.32692	  0.50000	  0.17308
534.08867   0.32692	  0.50000	  0.17308
535.05622   0.32692	  0.50000	  0.17308
536.02377   0.32692	  0.50000	  0.17308
536.99132   0.32692	  0.50000	  0.17308
537.95888   0.32692	  0.50000	  0.17308
538.92643   0.30769	  0.51923	  0.17308
539.89398   0.30769	  0.51923	  0.17308
540.86153   0.30769	  0.51923	  0.17308
541.82908   0.32692	  0.50000	  0.17308
542.79664   0.32692	  0.50000	  0.17308
543.76419   0.30769	  0.53846	  0.15385
544.73174   0.30769	  0.53846	  0.15385
545.69929   0.28846	  0.55769	  0.15385
546.66684   0.28846	  0.55769	  0.15385
547.63440   0.28846	  0.55769	  0.15385
548.60195   0.26923	  0.55769	  0.17308
549.56950   0.26923	  0.55769	  0.17308
550.53705   0.26923	  0.55769	  0.17308
551.50460   0.28846	  0.53846	  0.17308
552.47216   0.28846	  0.53846	  0.17308
553.43971   0.28846	  0.53846	  0.17308
554.40726   0.28846	  0.53846	  0.17308
555.37481   0.28846	  0.53846	  0.17308
556.34236   0.28846	  0.51923	  0.19231
557.30992   0.28846	  0.51923	  0.19231
558.27747   0.28846	  0.51923	  0.19231
559.24502   0.26923	  0.53846	  0.19231
560.21257   0.26923	  0.53846	  0.19231
561.18012   0.26923	  0.51923	  0.21154
562.14768   0.26923	  0.51923	  0.21154
563.11523   0.28846	  0.51923	  0.19231
564.08278   0.30769	  0.48077	  0.21154
565.05033   0.30769	  0.48077	  0.21154
566.01788   0.30769	  0.48077	  0.21154
566.98543   0.28846	  0.48077	  0.23077
567.95299   0.28846	  0.48077	  0.23077
568.92054   0.30769	  0.46154	  0.23077
569.88809   0.28846	  0.48077	  0.23077
570.85564   0.28846	  0.48077	  0.23077
571.82319   0.28846	  0.48077	  0.23077
572.79075   0.28846	  0.48077	  0.23077
573.75830   0.28846	  0.46154	  0.25000
574.72585   0.28846	  0.46154	  0.25000
575.69340   0.26923	  0.48077	  0.25000
576.66095   0.28846	  0.46154	  0.25000
577.62851   0.28846	  0.46154	  0.25000
578.59606   0.28846	  0.46154	  0.25000
579.56361   0.28846	  0.46154	  0.25000
580.53116   0.28846	  0.46154	  0.25000
581.49871   0.28846	  0.46154	  0.25000
582.46627   0.28846	  0.46154	  0.25000
583.43382   0.28846	  0.46154	  0.25000
584.40137   0.30769	  0.44231	  0.25000
585.36892   0.30769	  0.44231	  0.25000
586.33647   0.30769	  0.44231	  0.25000
587.30403   0.30769	  0.44231	  0.25000
588.27158   0.30769	  0.42308	  0.26923
589.23913   0.30769	  0.42308	  0.26923
590.20668   0.30769	  0.42308	  0.26923
591.17423   0.30769	  0.42308	  0.26923
592.14179   0.30769	  0.40385	  0.28846
593.10934   0.30769	  0.40385	  0.28846
594.07689   0.30769	  0.40385	  0.28846
595.04444   0.30769	  0.40385	  0.28846
596.01199   0.30769	  0.42308	  0.26923
596.97954   0.30769	  0.42308	  0.26923
597.94710   0.30769	  0.42308	  0.26923
598.91465   0.30769	  0.44231	  0.25000
599.88220   0.28846	  0.46154	  0.25000
600.84975   0.28846	  0.46154	  0.25000
601.81730   0.28846	  0.46154	  0.25000
602.78486   0.28846	  0.46154	  0.25000
603.75241   0.28846	  0.46154	  0.25000
604.71996   0.28846	  0.44231	  0.26923
605.68751   0.28846	  0.42308	  0.28846
606.65506   0.28846	  0.44231	  0.26923
607.62262   0.28846	  0.44231	  0.26923
608.59017   0.28846	  0.44231	  0.26923
609.55772   0.26923	  0.44231	  0.28846
610.52527   0.26923	  0.44231	  0.28846
611.49282   0.26923	  0.42308	  0.30769
612.46038   0.25000	  0.46154	  0.28846
613.42793   0.25000	  0.46154	  0.28846
614.39548   0.25000	  0.46154	  0.28846
615.36303   0.26923	  0.44231	  0.28846
616.33058   0.26923	  0.44231	  0.28846
617.29814   0.25000	  0.46154	  0.28846
618.26569   0.23077	  0.48077	  0.28846
619.23324   0.23077	  0.48077	  0.28846
620.20079   0.23077	  0.48077	  0.28846
621.16834   0.23077	  0.48077	  0.28846
622.13590   0.23077	  0.48077	  0.28846
623.10345   0.26923	  0.44231	  0.28846
624.07100   0.26923	  0.44231	  0.28846
625.03855   0.26923	  0.44231	  0.28846
626.00610   0.26923	  0.44231	  0.28846
626.97365   0.26923	  0.44231	  0.28846
627.94121   0.26923	  0.44231	  0.28846
628.90876   0.26923	  0.42308	  0.30769
629.87631   0.25000	  0.44231	  0.30769
630.84386   0.25000	  0.44231	  0.30769
631.81141   0.25000	  0.44231	  0.30769
632.77897   0.25000	  0.42308	  0.32692
633.74652   0.26923	  0.40385	  0.32692
634.71407   0.26923	  0.40385	  0.32692
635.68162   0.26923	  0.40385	  0.32692
636.64917   0.26923	  0.40385	  0.32692
637.61673   0.26923	  0.40385	  0.32692
638.58428   0.26923	  0.40385	  0.32692
639.55183   0.26923	  0.40385	  0.32692
640.51938   0.26923	  0.40385	  0.32692
641.48693   0.26923	  0.40385	  0.32692
642.45449   0.26923	  0.40385	  0.32692
643.42204   0.26923	  0.40385	  0.32692
644.38959   0.26923	  0.40385	  0.32692
645.35714   0.26923	  0.40385	  0.32692
646.32469   0.26923	  0.40385	  0.32692
647.29225   0.26923	  0.40385	  0.32692
648.25980   0.26923	  0.40385	  0.32692
649.22735   0.26923	  0.40385	  0.32692
650.19490   0.25000	  0.42308	  0.32692
651.16245   0.25000	  0.42308	  0.32692
652.13001   0.25000	  0.42308	  0.32692
653.09756   0.25000	  0.42308	  0.32692
654.06511   0.23077	  0.44231	  0.32692
655.03266   0.21154	  0.44231	  0.34615
656.00021   0.21154	  0.46154	  0.32692
656.96776   0.19231	  0.46154	  0.34615
657.93532   0.19231	  0.46154	  0.34615
658.90287   0.17308	  0.44231	  0.38462
659.87042   0.17308	  0.44231	  0.38462
660.83797   0.17308	  0.44231	  0.38462
661.80552   0.17308	  0.46154	  0.36538
662.77308   0.17308	  0.46154	  0.36538
663.74063   0.17308	  0.46154	  0.36538
664.70818   0.19231	  0.44231	  0.36538
665.67573   0.19231	  0.42308	  0.38462
666.64328   0.19231	  0.42308	  0.38462
667.61084   0.19231	  0.42308	  0.38462
668.57839   0.21154	  0.38462	  0.40385
669.54594   0.21154	  0.36538	  0.42308
670.51349   0.21154	  0.36538	  0.42308
671.48104   0.19231	  0.40385	  0.40385
672.44860   0.19231	  0.40385	  0.40385
673.41615   0.19231	  0.40385	  0.40385
674.38370   0.19231	  0.38462	  0.42308
675.35125   0.19231	  0.36538	  0.44231
676.31880   0.19231	  0.36538	  0.44231
677.28636   0.19231	  0.38462	  0.42308
678.25391   0.19231	  0.38462	  0.42308
679.22146   0.17308	  0.40385	  0.42308
680.18901   0.17308	  0.38462	  0.44231
681.15656   0.17308	  0.36538	  0.46154
682.12412   0.17308	  0.36538	  0.46154
683.09167   0.17308	  0.38462	  0.44231
684.05922   0.17308	  0.36538	  0.46154
685.02677   0.15385	  0.40385	  0.44231
685.99432   0.15385	  0.40385	  0.44231
686.96187   0.15385	  0.42308	  0.42308
687.92943   0.15385	  0.42308	  0.42308
688.89698   0.15385	  0.42308	  0.42308
689.86453   0.13462	  0.42308	  0.44231
690.83208   0.15385	  0.40385	  0.44231
691.79963   0.13462	  0.42308	  0.44231
692.76719   0.13462	  0.42308	  0.44231
693.73474   0.11538	  0.44231	  0.44231
694.70229   0.11538	  0.44231	  0.44231
695.66984   0.11538	  0.44231	  0.44231
696.63739   0.13462	  0.42308	  0.44231
697.60495   0.13462	  0.42308	  0.44231
698.57250   0.13462	  0.42308	  0.44231
699.54005   0.13462	  0.42308	  0.44231
700.50760   0.15385	  0.40385	  0.44231
701.47515   0.15385	  0.40385	  0.44231
702.44271   0.15385	  0.40385	  0.44231
703.41026   0.13462	  0.42308	  0.44231
704.37781   0.13462	  0.42308	  0.44231
705.34536   0.15385	  0.40385	  0.44231
706.31291   0.17308	  0.38462	  0.44231
707.28047   0.17308	  0.38462	  0.44231
708.24802   0.17308	  0.38462	  0.44231
709.21557   0.17308	  0.38462	  0.44231
710.18312   0.15385	  0.40385	  0.44231
711.15067   0.17308	  0.38462	  0.44231
712.11823   0.15385	  0.40385	  0.44231
713.08578   0.15385	  0.40385	  0.44231
714.05333   0.15385	  0.40385	  0.44231
715.02088   0.15385	  0.38462	  0.46154
715.98843   0.15385	  0.38462	  0.46154
716.95598   0.15385	  0.38462	  0.46154
717.92354   0.15385	  0.38462	  0.46154
718.89109   0.15385	  0.38462	  0.46154
719.85864   0.15385	  0.38462	  0.46154
720.82619   0.15385	  0.38462	  0.46154
721.79374   0.15385	  0.36538	  0.48077
722.76130   0.13462	  0.38462	  0.48077
723.72885   0.13462	  0.38462	  0.48077
724.69640   0.13462	  0.38462	  0.48077
725.66395   0.13462	  0.38462	  0.48077
726.63150   0.13462	  0.38462	  0.48077
727.59906   0.13462	  0.36538	  0.50000
728.56661   0.13462	  0.36538	  0.50000
729.53416   0.13462	  0.36538	  0.50000
730.50171   0.13462	  0.36538	  0.50000
731.46926   0.13462	  0.36538	  0.50000
732.43682   0.15385	  0.34615	  0.50000
733.40437   0.15385	  0.34615	  0.50000
734.37192   0.15385	  0.32692	  0.51923
735.33947   0.15385	  0.32692	  0.51923
736.30702   0.15385	  0.32692	  0.51923
737.27458   0.15385	  0.32692	  0.51923
738.24213   0.15385	  0.32692	  0.51923
739.20968   0.15385	  0.32692	  0.51923
740.17723   0.13462	  0.36538	  0.50000
741.14478   0.13462	  0.36538	  0.50000
742.11234   0.13462	  0.36538	  0.50000
743.07989   0.13462	  0.36538	  0.50000
744.04744   0.13462	  0.36538	  0.50000
745.01499   0.11538	  0.38462	  0.50000
745.98254   0.13462	  0.36538	  0.50000
746.95009   0.13462	  0.36538	  0.50000
747.91765   0.13462	  0.36538	  0.50000
748.88520   0.13462	  0.36538	  0.50000
749.85275   0.13462	  0.36538	  0.50000
750.82030   0.11538	  0.38462	  0.50000
751.78785   0.11538	  0.38462	  0.50000
752.75541   0.11538	  0.38462	  0.50000
753.72296   0.11538	  0.38462	  0.50000
754.69051   0.11538	  0.38462	  0.50000
755.65806   0.11538	  0.38462	  0.50000
756.62561   0.11538	  0.38462	  0.50000
757.59317   0.09615	  0.40385	  0.50000
758.56072   0.09615	  0.40385	  0.50000
759.52827   0.09615	  0.40385	  0.50000
760.49582   0.09615	  0.38462	  0.51923
761.46337   0.11538	  0.38462	  0.50000
762.43093   0.11538	  0.38462	  0.50000
763.39848   0.11538	  0.38462	  0.50000
764.36603   0.11538	  0.38462	  0.50000
765.33358   0.11538	  0.38462	  0.50000
766.30113   0.11538	  0.38462	  0.50000
767.26869   0.11538	  0.38462	  0.50000
768.23624   0.11538	  0.38462	  0.50000
769.20379   0.11538	  0.38462	  0.50000
770.17134   0.11538	  0.38462	  0.50000
771.13889   0.11538	  0.38462	  0.50000
772.10645   0.11538	  0.38462	  0.50000
773.07400   0.11538	  0.38462	  0.50000
774.04155   0.11538	  0.34615	  0.53846
775.00910   0.11538	  0.36538	  0.51923
775.97665   0.11538	  0.36538	  0.51923
776.94420   0.11538	  0.36538	  0.51923
777.91176   0.11538	  0.36538	  0.51923
778.87931   0.09615	  0.38462	  0.51923
779.84686   0.09615	  0.38462	  0.51923
780.81441   0.09615	  0.38462	  0.51923
781.78196   0.09615	  0.38462	  0.51923
782.74952   0.09615	  0.38462	  0.51923
783.71707   0.09615	  0.38462	  0.51923
784.68462   0.09615	  0.38462	  0.51923
785.65217   0.09615	  0.38462	  0.51923
786.61972   0.09615	  0.38462	  0.51923
787.58728   0.11538	  0.36538	  0.51923
788.55483   0.11538	  0.36538	  0.51923
789.52238   0.11538	  0.36538	  0.51923
790.48993   0.11538	  0.36538	  0.51923
791.45748   0.11538	  0.36538	  0.51923
792.42504   0.09615	  0.38462	  0.51923
793.39259   0.09615	  0.38462	  0.51923
794.36014   0.09615	  0.38462	  0.51923
795.32769   0.09615	  0.36538	  0.53846
796.29524   0.09615	  0.36538	  0.53846
797.26280   0.09615	  0.36538	  0.53846
798.23035   0.09615	  0.36538	  0.53846
799.19790   0.09615	  0.36538	  0.53846
800.16545   0.09615	  0.36538	  0.53846
801.13300   0.09615	  0.36538	  0.53846
802.10056   0.09615	  0.36538	  0.53846
803.06811   0.07692	  0.38462	  0.53846
804.03566   0.07692	  0.38462	  0.53846
805.00321   0.09615	  0.36538	  0.53846
805.97076   0.09615	  0.34615	  0.55769
806.93831   0.09615	  0.34615	  0.55769
807.90587   0.09615	  0.34615	  0.55769
808.87342   0.09615	  0.34615	  0.55769
809.84097   0.09615	  0.32692	  0.57692
810.80852   0.09615	  0.32692	  0.57692
811.77607   0.09615	  0.32692	  0.57692
812.74363   0.09615	  0.34615	  0.55769
813.71118   0.09615	  0.32692	  0.57692
814.67873   0.09615	  0.34615	  0.55769
815.64628   0.09615	  0.32692	  0.57692
816.61383   0.09615	  0.34615	  0.55769
817.58139   0.09615	  0.32692	  0.57692
818.54894   0.09615	  0.34615	  0.55769
819.51649   0.09615	  0.34615	  0.55769
820.48404   0.09615	  0.34615	  0.55769
821.45159   0.09615	  0.32692	  0.57692
822.41915   0.09615	  0.30769	  0.59615
823.38670   0.09615	  0.30769	  0.59615
824.35425   0.09615	  0.30769	  0.59615
825.32180   0.09615	  0.30769	  0.59615
826.28935   0.09615	  0.30769	  0.59615
827.25691   0.09615	  0.30769	  0.59615
828.22446   0.09615	  0.30769	  0.59615
829.19201   0.09615	  0.30769	  0.59615
830.15956   0.09615	  0.30769	  0.59615
831.12711   0.09615	  0.30769	  0.59615
832.09467   0.09615	  0.30769	  0.59615
833.06222   0.07692	  0.32692	  0.59615
834.02977   0.07692	  0.32692	  0.59615
834.99732   0.05769	  0.34615	  0.59615
835.96487   0.05769	  0.34615	  0.59615
836.93242   0.05769	  0.34615	  0.59615
837.89998   0.07692	  0.32692	  0.59615
838.86753   0.07692	  0.32692	  0.59615
839.83508   0.07692	  0.32692	  0.59615
840.80263   0.09615	  0.30769	  0.59615
841.77018   0.09615	  0.30769	  0.59615
842.73774   0.09615	  0.30769	  0.59615
843.70529   0.07692	  0.32692	  0.59615
844.67284   0.07692	  0.32692	  0.59615
845.64039   0.09615	  0.30769	  0.59615
846.60794   0.09615	  0.30769	  0.59615
847.57550   0.07692	  0.32692	  0.59615
848.54305   0.07692	  0.32692	  0.59615
849.51060   0.07692	  0.32692	  0.59615
850.47815   0.07692	  0.32692	  0.59615
851.44570   0.07692	  0.30769	  0.61538
852.41326   0.05769	  0.32692	  0.61538
853.38081   0.07692	  0.30769	  0.61538
854.34836   0.07692	  0.30769	  0.61538
855.31591   0.07692	  0.30769	  0.61538
856.28346   0.07692	  0.30769	  0.61538
857.25102   0.07692	  0.30769	  0.61538
858.21857   0.07692	  0.30769	  0.61538
859.18612   0.07692	  0.30769	  0.61538
860.15367   0.07692	  0.30769	  0.61538
861.12122   0.07692	  0.30769	  0.61538
862.08878   0.07692	  0.30769	  0.61538
863.05633   0.07692	  0.30769	  0.61538
864.02388   0.07692	  0.30769	  0.61538
864.99143   0.05769	  0.32692	  0.61538
865.95898   0.05769	  0.32692	  0.61538
866.92653   0.07692	  0.30769	  0.61538
867.89409   0.07692	  0.28846	  0.63462
868.86164   0.07692	  0.28846	  0.63462
869.82919   0.07692	  0.28846	  0.63462
870.79674   0.07692	  0.28846	  0.63462
871.76429   0.07692	  0.26923	  0.65385
872.73185   0.07692	  0.26923	  0.65385
873.69940   0.07692	  0.28846	  0.63462
874.66695   0.07692	  0.26923	  0.65385
875.63450   0.05769	  0.28846	  0.65385
876.60205   0.05769	  0.28846	  0.65385
877.56961   0.07692	  0.26923	  0.65385
878.53716   0.07692	  0.25000	  0.67308
879.50471   0.07692	  0.25000	  0.67308
880.47226   0.07692	  0.25000	  0.67308
881.43981   0.07692	  0.25000	  0.67308
882.40737   0.07692	  0.25000	  0.67308
883.37492   0.07692	  0.26923	  0.65385
884.34247   0.09615	  0.25000	  0.65385
885.31002   0.09615	  0.23077	  0.67308
886.27757   0.09615	  0.23077	  0.67308
887.24513   0.09615	  0.23077	  0.67308
888.21268   0.09615	  0.23077	  0.67308
889.18023   0.09615	  0.23077	  0.67308
890.14778   0.09615	  0.23077	  0.67308
891.11533   0.11538	  0.21154	  0.67308
892.08289   0.11538	  0.21154	  0.67308
893.05044   0.09615	  0.21154	  0.69231
894.01799   0.09615	  0.21154	  0.69231
894.98554   0.09615	  0.21154	  0.69231
895.95309   0.09615	  0.21154	  0.69231
896.92065   0.09615	  0.21154	  0.69231
897.88820   0.09615	  0.21154	  0.69231
898.85575   0.09615	  0.21154	  0.69231
899.82330   0.09615	  0.21154	  0.69231
900.79085   0.09615	  0.21154	  0.69231
901.75840   0.09615	  0.21154	  0.69231
902.72596   0.09615	  0.21154	  0.69231
903.69351   0.09615	  0.21154	  0.69231
904.66106   0.09615	  0.21154	  0.69231
905.62861   0.09615	  0.21154	  0.69231
906.59616   0.09615	  0.21154	  0.69231
907.56372   0.09615	  0.21154	  0.69231
908.53127   0.09615	  0.21154	  0.69231
909.49882   0.09615	  0.21154	  0.69231
910.46637   0.09615	  0.21154	  0.69231
911.43392   0.09615	  0.21154	  0.69231
912.40148   0.09615	  0.21154	  0.69231
913.36903   0.09615	  0.21154	  0.69231
914.33658   0.09615	  0.21154	  0.69231
915.30413   0.09615	  0.21154	  0.69231
916.27168   0.07692	  0.23077	  0.69231
917.23924   0.07692	  0.23077	  0.69231
918.20679   0.07692	  0.23077	  0.69231
919.17434   0.07692	  0.23077	  0.69231
920.14189   0.07692	  0.23077	  0.69231
921.10944   0.07692	  0.23077	  0.69231
922.07700   0.07692	  0.23077	  0.69231
923.04455   0.07692	  0.23077	  0.69231
924.01210   0.07692	  0.23077	  0.69231
924.97965   0.07692	  0.23077	  0.69231
925.94720   0.07692	  0.23077	  0.69231
926.91476   0.07692	  0.23077	  0.69231
927.88231   0.07692	  0.23077	  0.69231
928.84986   0.07692	  0.23077	  0.69231
929.81741   0.07692	  0.23077	  0.69231
930.78496   0.07692	  0.23077	  0.69231
931.75251   0.07692	  0.21154	  0.71154
932.72007   0.07692	  0.23077	  0.69231
933.68762   0.07692	  0.23077	  0.69231
934.65517   0.07692	  0.23077	  0.69231
935.62272   0.07692	  0.23077	  0.69231
936.59027   0.07692	  0.21154	  0.71154
937.55783   0.07692	  0.21154	  0.71154
938.52538   0.07692	  0.21154	  0.71154
939.49293   0.07692	  0.23077	  0.69231
940.46048   0.07692	  0.23077	  0.69231
941.42803   0.07692	  0.23077	  0.69231
942.39559   0.05769	  0.25000	  0.69231
943.36314   0.05769	  0.25000	  0.69231
944.33069   0.05769	  0.25000	  0.69231
945.29824   0.05769	  0.25000	  0.69231
946.26579   0.05769	  0.25000	  0.69231
947.23335   0.07692	  0.23077	  0.69231
948.20090   0.09615	  0.21154	  0.69231
949.16845   0.09615	  0.21154	  0.69231
950.13600   0.09615	  0.21154	  0.69231
951.10355   0.09615	  0.21154	  0.69231
952.07111   0.09615	  0.21154	  0.69231
953.03866   0.09615	  0.21154	  0.69231
954.00621   0.09615	  0.21154	  0.69231
954.97376   0.09615	  0.21154	  0.69231
955.94131   0.07692	  0.23077	  0.69231
956.90887   0.07692	  0.23077	  0.69231
957.87642   0.07692	  0.23077	  0.69231
958.84397   0.07692	  0.23077	  0.69231
959.81152   0.07692	  0.23077	  0.69231
960.77907   0.07692	  0.23077	  0.69231
961.74662   0.07692	  0.23077	  0.69231
962.71418   0.07692	  0.23077	  0.69231
963.68173   0.07692	  0.23077	  0.69231
964.64928   0.07692	  0.23077	  0.69231
965.61683   0.07692	  0.21154	  0.71154
966.58438   0.07692	  0.21154	  0.71154
967.55194   0.07692	  0.21154	  0.71154
968.51949   0.07692	  0.21154	  0.71154
969.48704   0.07692	  0.21154	  0.71154
970.45459   0.07692	  0.21154	  0.71154
971.42214   0.07692	  0.21154	  0.71154
972.38970   0.07692	  0.21154	  0.71154
973.35725   0.07692	  0.21154	  0.71154
974.32480   0.07692	  0.21154	  0.71154
975.29235   0.07692	  0.21154	  0.71154
976.25990   0.07692	  0.21154	  0.71154
977.22746   0.07692	  0.21154	  0.71154
978.19501   0.07692	  0.21154	  0.71154
979.16256   0.07692	  0.21154	  0.71154
980.13011   0.07692	  0.21154	  0.71154
981.09766   0.07692	  0.19231	  0.73077
982.06522   0.07692	  0.21154	  0.71154
983.03277   0.07692	  0.19231	  0.73077
984.00032   0.07692	  0.19231	  0.73077
984.96787   0.07692	  0.19231	  0.73077
985.93542   0.07692	  0.19231	  0.73077
986.90298   0.07692	  0.17308	  0.75000
987.87053   0.07692	  0.17308	  0.75000
988.83808   0.07692	  0.19231	  0.73077
989.80563   0.05769	  0.21154	  0.73077
990.77318   0.05769	  0.21154	  0.73077
991.74073   0.07692	  0.19231	  0.73077
992.70829   0.07692	  0.19231	  0.73077
993.67584   0.07692	  0.17308	  0.75000
994.64339   0.07692	  0.17308	  0.75000
995.61094   0.07692	  0.17308	  0.75000
996.57849   0.07692	  0.17308	  0.75000
997.54605   0.07692	  0.17308	  0.75000
998.51360   0.05769	  0.19231	  0.75000
999.48115   0.05769	  0.19231	  0.75000
1000.44870   0.05769	   0.19231	   0.75000
1001.41625   0.05769	   0.19231	   0.75000
1002.38381   0.05769	   0.19231	   0.75000
1003.35136   0.05769	   0.19231	   0.75000
1004.31891   0.03846	   0.21154	   0.75000
1005.28646   0.03846	   0.21154	   0.75000
1006.25401   0.03846	   0.21154	   0.75000
1007.22157   0.03846	   0.21154	   0.75000
1008.18912   0.03846	   0.21154	   0.75000
1009.15667   0.03846	   0.21154	   0.75000
1010.12422   0.03846	   0.21154	   0.75000
1011.09177   0.03846	   0.21154	   0.75000
1012.05933   0.03846	   0.21154	   0.75000
1013.02688   0.03846	   0.21154	   0.75000
1013.99443   0.03846	   0.21154	   0.75000
1014.96198   0.03846	   0.21154	   0.75000
1015.92953   0.03846	   0.21154	   0.75000
1016.89709   0.03846	   0.21154	   0.75000
1017.86464   0.01923	   0.23077	   0.75000
1018.83219   0.01923	   0.23077	   0.75000
1019.79974   0.01923	   0.23077	   0.75000
1020.76729   0.01923	   0.23077	   0.75000
1021.73484   0.01923	   0.23077	   0.75000
1022.70240   0.01923	   0.23077	   0.75000
1023.66995   0.01923	   0.23077	   0.75000
1024.63750   0.01923	   0.23077	   0.75000
1025.60505   0.01923	   0.23077	   0.75000
1026.57260   0.01923	   0.23077	   0.75000
1027.54016   0.01923	   0.23077	   0.75000
1028.50771   0.01923	   0.23077	   0.75000
1029.47526   0.01923	   0.23077	   0.75000
1030.44281   0.01923	   0.23077	   0.75000
1031.41036   0.01923	   0.23077	   0.75000
1032.37792   0.03846	   0.21154	   0.75000
1033.34547   0.03846	   0.21154	   0.75000
1034.31302   0.03846	   0.21154	   0.75000
1035.28057   0.03846	   0.21154	   0.75000
1036.24812   0.03846	   0.21154	   0.75000
1037.21568   0.03846	   0.21154	   0.75000
1038.18323   0.03846	   0.21154	   0.75000
1039.15078   0.03846	   0.21154	   0.75000
1040.11833   0.03846	   0.21154	   0.75000
1041.08588   0.03846	   0.21154	   0.75000
1042.05344   0.03846	   0.21154	   0.75000
1043.02099   0.03846	   0.21154	   0.75000
1043.98854   0.03846	   0.21154	   0.75000
1044.95609   0.03846	   0.21154	   0.75000
1045.92364   0.03846	   0.21154	   0.75000
1046.89120   0.03846	   0.21154	   0.75000
1047.85875   0.03846	   0.21154	   0.75000
1048.82630   0.03846	   0.21154	   0.75000
1049.79385   0.03846	   0.21154	   0.75000
1050.76140   0.03846	   0.21154	   0.75000
1051.72895   0.03846	   0.21154	   0.75000
1052.69651   0.03846	   0.21154	   0.75000
1053.66406   0.03846	   0.21154	   0.75000
1054.63161   0.03846	   0.21154	   0.75000
1055.59916   0.03846	   0.21154	   0.75000
1056.56671   0.03846	   0.21154	   0.75000
1057.53427   0.03846	   0.21154	   0.75000
1058.50182   0.03846	   0.21154	   0.75000
1059.46937   0.03846	   0.21154	   0.75000
1060.43692   0.03846	   0.21154	   0.75000
1061.40447   0.03846	   0.21154	   0.75000
1062.37203   0.03846	   0.21154	   0.75000
1063.33958   0.03846	   0.21154	   0.75000
1064.30713   0.03846	   0.21154	   0.75000
1065.27468   0.03846	   0.21154	   0.75000
1066.24223   0.03846	   0.21154	   0.75000
1067.20979   0.03846	   0.21154	   0.75000
1068.17734   0.03846	   0.21154	   0.75000
1069.14489   0.03846	   0.21154	   0.75000
1070.11244   0.05769	   0.19231	   0.75000
1071.07999   0.05769	   0.19231	   0.75000
1072.04755   0.07692	   0.17308	   0.75000
1073.01510   0.05769	   0.19231	   0.75000
1073.98265   0.05769	   0.19231	   0.75000
1074.95020   0.05769	   0.19231	   0.75000
1075.91775   0.05769	   0.19231	   0.75000
1076.88531   0.05769	   0.19231	   0.75000
1077.85286   0.05769	   0.19231	   0.75000
1078.82041   0.05769	   0.19231	   0.75000
1079.78796   0.05769	   0.19231	   0.75000
1080.75551   0.05769	   0.19231	   0.75000
1081.72306   0.05769	   0.19231	   0.75000
1082.69062   0.05769	   0.19231	   0.75000
1083.65817   0.05769	   0.19231	   0.75000
1084.62572   0.09615	   0.15385	   0.75000
1085.59327   0.09615	   0.15385	   0.75000
1086.56082   0.09615	   0.15385	   0.75000
1087.52838   0.09615	   0.13462	   0.76923
1088.49593   0.09615	   0.13462	   0.76923
1089.46348   0.09615	   0.13462	   0.76923
1090.43103   0.09615	   0.13462	   0.76923
1091.39858   0.09615	   0.13462	   0.76923
1092.36614   0.09615	   0.13462	   0.76923
1093.33369   0.09615	   0.11538	   0.78846
1094.30124   0.11538	   0.09615	   0.78846
1095.26879   0.11538	   0.09615	   0.78846
1096.23634   0.11538	   0.09615	   0.78846
1097.20390   0.11538	   0.09615	   0.78846
1098.17145   0.11538	   0.09615	   0.78846
1099.13900   0.11538	   0.09615	   0.78846
1100.10655   0.11538	   0.09615	   0.78846
1101.07410   0.11538	   0.09615	   0.78846
1102.04166   0.11538	   0.09615	   0.78846
1103.00921   0.09615	   0.11538	   0.78846
1103.97676   0.09615	   0.11538	   0.78846
1104.94431   0.09615	   0.11538	   0.78846
1105.91186   0.09615	   0.11538	   0.78846
1106.87942   0.09615	   0.11538	   0.78846
1107.84697   0.07692	   0.13462	   0.78846
1108.81452   0.07692	   0.13462	   0.78846
1109.78207   0.07692	   0.13462	   0.78846
1110.74962   0.07692	   0.13462	   0.78846
1111.71717   0.07692	   0.13462	   0.78846
1112.68473   0.07692	   0.13462	   0.78846
1113.65228   0.07692	   0.13462	   0.78846
1114.61983   0.07692	   0.13462	   0.78846
1115.58738   0.07692	   0.13462	   0.78846
1116.55493   0.07692	   0.13462	   0.78846
1117.52249   0.07692	   0.13462	   0.78846
1118.49004   0.07692	   0.13462	   0.78846
1119.45759   0.07692	   0.13462	   0.78846
1120.42514   0.07692	   0.13462	   0.78846
1121.39269   0.07692	   0.13462	   0.78846
1122.36025   0.05769	   0.15385	   0.78846
1123.32780   0.05769	   0.15385	   0.78846
1124.29535   0.05769	   0.15385	   0.78846
1125.26290   0.05769	   0.15385	   0.78846
1126.23045   0.05769	   0.15385	   0.78846
1127.19801   0.05769	   0.15385	   0.78846
1128.16556   0.05769	   0.15385	   0.78846
1129.13311   0.05769	   0.15385	   0.78846
1130.10066   0.05769	   0.15385	   0.78846
1131.06821   0.03846	   0.17308	   0.78846
1132.03577   0.03846	   0.17308	   0.78846
1133.00332   0.03846	   0.17308	   0.78846
1133.97087   0.07692	   0.13462	   0.78846
1134.93842   0.07692	   0.13462	   0.78846
1135.90597   0.07692	   0.13462	   0.78846
1136.87353   0.07692	   0.13462	   0.78846
1137.84108   0.07692	   0.13462	   0.78846
1138.80863   0.07692	   0.13462	   0.78846
1139.77618   0.05769	   0.13462	   0.80769
1140.74373   0.05769	   0.13462	   0.80769
1141.71128   0.05769	   0.13462	   0.80769
1142.67884   0.05769	   0.13462	   0.80769
1143.64639   0.05769	   0.13462	   0.80769
1144.61394   0.05769	   0.13462	   0.80769
1145.58149   0.07692	   0.11538	   0.80769
1146.54904   0.07692	   0.11538	   0.80769
1147.51660   0.05769	   0.11538	   0.82692
1148.48415   0.03846	   0.13462	   0.82692
1149.45170   0.03846	   0.13462	   0.82692
1150.41925   0.03846	   0.13462	   0.82692
1151.38680   0.03846	   0.13462	   0.82692
1152.35436   0.03846	   0.13462	   0.82692
1153.32191   0.05769	   0.11538	   0.82692
1154.28946   0.05769	   0.11538	   0.82692
1155.25701   0.07692	   0.09615	   0.82692
1156.22456   0.09615	   0.07692	   0.82692
1157.19212   0.09615	   0.07692	   0.82692
1158.15967   0.09615	   0.07692	   0.82692
1159.12722   0.07692	   0.09615	   0.82692
1160.09477   0.07692	   0.09615	   0.82692
1161.06232   0.07692	   0.09615	   0.82692
1162.02988   0.05769	   0.11538	   0.82692
1162.99743   0.05769	   0.11538	   0.82692
1163.96498   0.05769	   0.11538	   0.82692
1164.93253   0.05769	   0.11538	   0.82692
1165.90008   0.05769	   0.11538	   0.82692
1166.86764   0.05769	   0.11538	   0.82692
1167.83519   0.05769	   0.11538	   0.82692
1168.80274   0.05769	   0.11538	   0.82692
1169.77029   0.05769	   0.11538	   0.82692
1170.73784   0.05769	   0.11538	   0.82692
1171.70539   0.05769	   0.11538	   0.82692
1172.67295   0.05769	   0.11538	   0.82692
1173.64050   0.05769	   0.11538	   0.82692
1174.60805   0.05769	   0.11538	   0.82692
1175.57560   0.05769	   0.09615	   0.84615
1176.54315   0.07692	   0.07692	   0.84615
1177.51071   0.07692	   0.07692	   0.84615
1178.47826   0.07692	   0.07692	   0.84615
1179.44581   0.07692	   0.07692	   0.84615
1180.41336   0.07692	   0.07692	   0.84615
1181.38091   0.05769	   0.09615	   0.84615
1182.34847   0.05769	   0.09615	   0.84615
1183.31602   0.05769	   0.09615	   0.84615
1184.28357   0.05769	   0.09615	   0.84615
1185.25112   0.05769	   0.09615	   0.84615
1186.21867   0.05769	   0.09615	   0.84615
1187.18623   0.05769	   0.09615	   0.84615
1188.15378   0.05769	   0.09615	   0.84615
1189.12133   0.05769	   0.09615	   0.84615
1190.08888   0.05769	   0.09615	   0.84615
1191.05643   0.05769	   0.09615	   0.84615
1192.02399   0.05769	   0.09615	   0.84615
1192.99154   0.05769	   0.09615	   0.84615
1193.95909   0.05769	   0.09615	   0.84615
1194.92664   0.05769	   0.09615	   0.84615
1195.89419   0.05769	   0.09615	   0.84615
1196.86175   0.05769	   0.09615	   0.84615
1197.82930   0.05769	   0.09615	   0.84615
1198.79685   0.05769	   0.09615	   0.84615
1199.76440   0.05769	   0.09615	   0.84615
1200.73195   0.05769	   0.09615	   0.84615
1201.69950   0.05769	   0.09615	   0.84615
1202.66706   0.05769	   0.09615	   0.84615
1203.63461   0.05769	   0.09615	   0.84615
1204.60216   0.05769	   0.09615	   0.84615
1205.56971   0.05769	   0.09615	   0.84615
1206.53726   0.05769	   0.09615	   0.84615
1207.50482   0.05769	   0.09615	   0.84615
1208.47237   0.05769	   0.09615	   0.84615
1209.43992   0.05769	   0.09615	   0.84615
1210.40747   0.05769	   0.09615	   0.84615
1211.37502   0.05769	   0.09615	   0.84615
1212.34258   0.05769	   0.09615	   0.84615
1213.31013   0.05769	   0.09615	   0.84615
1214.27768   0.07692	   0.07692	   0.84615
1215.24523   0.07692	   0.07692	   0.84615
1216.21278   0.07692	   0.07692	   0.84615
1217.18034   0.07692	   0.07692	   0.84615
1218.14789   0.07692	   0.07692	   0.84615
1219.11544   0.07692	   0.07692	   0.84615
1220.08299   0.07692	   0.07692	   0.84615
1221.05054   0.07692	   0.07692	   0.84615
1222.01810   0.07692	   0.07692	   0.84615
1222.98565   0.07692	   0.07692	   0.84615
1223.95320   0.07692	   0.07692	   0.84615
1224.92075   0.07692	   0.07692	   0.84615
1225.88830   0.07692	   0.07692	   0.84615
1226.85586   0.07692	   0.07692	   0.84615
1227.82341   0.07692	   0.07692	   0.84615
1228.79096   0.07692	   0.07692	   0.84615
1229.75851   0.07692	   0.07692	   0.84615
1230.72606   0.07692	   0.07692	   0.84615
1231.69362   0.07692	   0.07692	   0.84615
1232.66117   0.07692	   0.07692	   0.84615
1233.62872   0.07692	   0.07692	   0.84615
1234.59627   0.07692	   0.07692	   0.84615
1235.56382   0.07692	   0.09615	   0.82692
1236.53137   0.09615	   0.07692	   0.82692
1237.49893   0.09615	   0.07692	   0.82692
1238.46648   0.09615	   0.07692	   0.82692
1239.43403   0.09615	   0.07692	   0.82692
1240.40158   0.09615	   0.07692	   0.82692
1241.36913   0.09615	   0.07692	   0.82692
1242.33669   0.09615	   0.07692	   0.82692
1243.30424   0.09615	   0.07692	   0.82692
1244.27179   0.09615	   0.07692	   0.82692
1245.23934   0.09615	   0.07692	   0.82692
1246.20689   0.09615	   0.07692	   0.82692
1247.17445   0.09615	   0.07692	   0.82692
1248.14200   0.09615	   0.07692	   0.82692
1249.10955   0.09615	   0.07692	   0.82692
1250.07710   0.09615	   0.07692	   0.82692
1251.04465   0.09615	   0.07692	   0.82692
1252.01221   0.09615	   0.07692	   0.82692
1252.97976   0.09615	   0.07692	   0.82692
1253.94731   0.09615	   0.07692	   0.82692
1254.91486   0.09615	   0.07692	   0.82692
1255.88241   0.09615	   0.07692	   0.82692
1256.84997   0.09615	   0.07692	   0.82692
1257.81752   0.09615	   0.07692	   0.82692
1258.78507   0.09615	   0.07692	   0.82692
1259.75262   0.09615	   0.07692	   0.82692
1260.72017   0.09615	   0.07692	   0.82692
1261.68773   0.09615	   0.07692	   0.82692
1262.65528   0.09615	   0.07692	   0.82692
1263.62283   0.09615	   0.07692	   0.82692
1264.59038   0.09615	   0.07692	   0.82692
1265.55793   0.11538	   0.05769	   0.82692
1266.52548   0.11538	   0.05769	   0.82692
1267.49304   0.11538	   0.05769	   0.82692
1268.46059   0.11538	   0.05769	   0.82692
1269.42814   0.11538	   0.05769	   0.82692
1270.39569   0.09615	   0.07692	   0.82692
1271.36324   0.09615	   0.07692	   0.82692
1272.33080   0.09615	   0.07692	   0.82692
1273.29835   0.09615	   0.07692	   0.82692
1274.26590   0.09615	   0.07692	   0.82692
1275.23345   0.09615	   0.07692	   0.82692
1276.20100   0.09615	   0.07692	   0.82692
1277.16856   0.09615	   0.07692	   0.82692
1278.13611   0.09615	   0.07692	   0.82692
1279.10366   0.09615	   0.07692	   0.82692
1280.07121   0.07692	   0.09615	   0.82692
1281.03876   0.07692	   0.09615	   0.82692
1282.00632   0.05769	   0.09615	   0.84615
1282.97387   0.05769	   0.09615	   0.84615
1283.94142   0.05769	   0.09615	   0.84615
1284.90897   0.05769	   0.09615	   0.84615
1285.87652   0.05769	   0.11538	   0.82692
1286.84408   0.05769	   0.11538	   0.82692
1287.81163   0.05769	   0.11538	   0.82692
1288.77918   0.05769	   0.11538	   0.82692
1289.74673   0.05769	   0.11538	   0.82692
1290.71428   0.03846	   0.13462	   0.82692
1291.68184   0.03846	   0.13462	   0.82692
1292.64939   0.03846	   0.13462	   0.82692
1293.61694   0.03846	   0.13462	   0.82692
1294.58449   0.03846	   0.13462	   0.82692
1295.55204   0.03846	   0.13462	   0.82692
1296.51959   0.03846	   0.13462	   0.82692
1297.48715   0.03846	   0.13462	   0.82692
1298.45470   0.03846	   0.13462	   0.82692
1299.42225   0.05769	   0.11538	   0.82692
1300.38980   0.05769	   0.11538	   0.82692
1301.35735   0.05769	   0.11538	   0.82692
1302.32491   0.05769	   0.11538	   0.82692
1303.29246   0.05769	   0.11538	   0.82692
1304.26001   0.05769	   0.11538	   0.82692
1305.22756   0.05769	   0.09615	   0.84615
1306.19511   0.05769	   0.09615	   0.84615
1307.16267   0.05769	   0.09615	   0.84615
1308.13022   0.03846	   0.11538	   0.84615
1309.09777   0.03846	   0.11538	   0.84615
1310.06532   0.03846	   0.11538	   0.84615
1311.03287   0.03846	   0.11538	   0.84615
1312.00043   0.05769	   0.09615	   0.84615
1312.96798   0.05769	   0.09615	   0.84615
1313.93553   0.05769	   0.07692	   0.86538
1314.90308   0.05769	   0.07692	   0.86538
1315.87063   0.05769	   0.07692	   0.86538
1316.83819   0.05769	   0.07692	   0.86538
1317.80574   0.05769	   0.07692	   0.86538
1318.77329   0.05769	   0.07692	   0.86538
1319.74084   0.05769	   0.07692	   0.86538
1320.70839   0.05769	   0.07692	   0.86538
1321.67595   0.05769	   0.07692	   0.86538
1322.64350   0.05769	   0.07692	   0.86538
1323.61105   0.05769	   0.07692	   0.86538
1324.57860   0.05769	   0.07692	   0.86538
1325.54615   0.05769	   0.07692	   0.86538
1326.51370   0.03846	   0.09615	   0.86538
1327.48126   0.03846	   0.09615	   0.86538
1328.44881   0.03846	   0.09615	   0.86538
1329.41636   0.05769	   0.07692	   0.86538
1330.38391   0.05769	   0.07692	   0.86538
1331.35146   0.05769	   0.07692	   0.86538
1332.31902   0.05769	   0.07692	   0.86538
1333.28657   0.05769	   0.07692	   0.86538
1334.25412   0.05769	   0.07692	   0.86538
1335.22167   0.05769	   0.07692	   0.86538
1336.18922   0.05769	   0.07692	   0.86538
1337.15678   0.05769	   0.07692	   0.86538
1338.12433   0.05769	   0.07692	   0.86538
1339.09188   0.05769	   0.07692	   0.86538
1340.05943   0.05769	   0.07692	   0.86538
1341.02698   0.05769	   0.07692	   0.86538
1341.99454   0.03846	   0.09615	   0.86538
1342.96209   0.03846	   0.09615	   0.86538
1343.92964   0.03846	   0.09615	   0.86538
1344.89719   0.03846	   0.07692	   0.88462
1345.86474   0.03846	   0.07692	   0.88462
1346.83230   0.03846	   0.07692	   0.88462
1347.79985   0.03846	   0.07692	   0.88462
1348.76740   0.03846	   0.07692	   0.88462
1349.73495   0.01923	   0.09615	   0.88462
1350.70250   0.01923	   0.09615	   0.88462
1351.67006   0.01923	   0.09615	   0.88462
1352.63761   0.01923	   0.09615	   0.88462
1353.60516   0.01923	   0.09615	   0.88462
1354.57271   0.01923	   0.09615	   0.88462
1355.54026   0.01923	   0.09615	   0.88462
1356.50781   0.01923	   0.09615	   0.88462
1357.47537   0.01923	   0.09615	   0.88462
1358.44292   0.01923	   0.09615	   0.88462
1359.41047   0.01923	   0.09615	   0.88462
1360.37802   0.03846	   0.07692	   0.88462
1361.34557   0.05769	   0.05769	   0.88462
1362.31313   0.03846	   0.07692	   0.88462
1363.28068   0.01923	   0.09615	   0.88462
1364.24823   0.01923	   0.09615	   0.88462
1365.21578   0.01923	   0.09615	   0.88462
1366.18333   0.01923	   0.09615	   0.88462
1367.15089   0.01923	   0.09615	   0.88462
1368.11844   0.01923	   0.09615	   0.88462
1369.08599   0.01923	   0.09615	   0.88462
1370.05354   0.01923	   0.09615	   0.88462
1371.02109   0.01923	   0.09615	   0.88462
1371.98865   0.01923	   0.09615	   0.88462
1372.95620   0.01923	   0.09615	   0.88462
1373.92375   0.01923	   0.09615	   0.88462
1374.89130   0.01923	   0.09615	   0.88462
1375.85885   0.01923	   0.09615	   0.88462
1376.82641   0.01923	   0.09615	   0.88462
1377.79396   0.01923	   0.09615	   0.88462
1378.76151   0.01923	   0.09615	   0.88462
1379.72906   0.01923	   0.09615	   0.88462
1380.69661   0.03846	   0.07692	   0.88462
1381.66417   0.01923	   0.09615	   0.88462
1382.63172   0.01923	   0.09615	   0.88462
1383.59927   0.01923	   0.09615	   0.88462
1384.56682   0.03846	   0.07692	   0.88462
1385.53437   0.03846	   0.07692	   0.88462
1386.50192   0.03846	   0.07692	   0.88462
1387.46948   0.03846	   0.07692	   0.88462
1388.43703   0.05769	   0.05769	   0.88462
1389.40458   0.05769	   0.05769	   0.88462
1390.37213   0.05769	   0.05769	   0.88462
1391.33968   0.05769	   0.05769	   0.88462
1392.30724   0.05769	   0.05769	   0.88462
1393.27479   0.05769	   0.05769	   0.88462
1394.24234   0.05769	   0.05769	   0.88462
1395.20989   0.05769	   0.05769	   0.88462
1396.17744   0.05769	   0.05769	   0.88462
1397.14500   0.05769	   0.05769	   0.88462
1398.11255   0.05769	   0.05769	   0.88462
1399.08010   0.05769	   0.05769	   0.88462
1400.04765   0.05769	   0.05769	   0.88462
1401.01520   0.03846	   0.07692	   0.88462
1401.98276   0.03846	   0.07692	   0.88462
1402.95031   0.03846	   0.07692	   0.88462
1403.91786   0.03846	   0.07692	   0.88462
1404.88541   0.03846	   0.07692	   0.88462
1405.85296   0.03846	   0.07692	   0.88462
1406.82052   0.03846	   0.07692	   0.88462
1407.78807   0.03846	   0.07692	   0.88462
1408.75562   0.03846	   0.07692	   0.88462
1409.72317   0.03846	   0.07692	   0.88462
1410.69072   0.03846	   0.07692	   0.88462
1411.65828   0.03846	   0.07692	   0.88462
1412.62583   0.03846	   0.07692	   0.88462
1413.59338   0.03846	   0.07692	   0.88462
1414.56093   0.03846	   0.07692	   0.88462
1415.52848   0.05769	   0.05769	   0.88462
1416.49603   0.05769	   0.05769	   0.88462
1417.46359   0.05769	   0.05769	   0.88462
1418.43114   0.05769	   0.05769	   0.88462
1419.39869   0.05769	   0.05769	   0.88462
1420.36624   0.05769	   0.05769	   0.88462
1421.33379   0.05769	   0.05769	   0.88462
1422.30135   0.05769	   0.05769	   0.88462
1423.26890   0.03846	   0.07692	   0.88462
1424.23645   0.03846	   0.07692	   0.88462
1425.20400   0.03846	   0.07692	   0.88462
1426.17155   0.03846	   0.07692	   0.88462
1427.13911   0.03846	   0.07692	   0.88462
1428.10666   0.03846	   0.07692	   0.88462
1429.07421   0.03846	   0.07692	   0.88462
1430.04176   0.03846	   0.07692	   0.88462
1431.00931   0.03846	   0.07692	   0.88462
1431.97687   0.03846	   0.07692	   0.88462
1432.94442   0.03846	   0.07692	   0.88462
1433.91197   0.01923	   0.09615	   0.88462
1434.87952   0.01923	   0.09615	   0.88462
1435.84707   0.03846	   0.07692	   0.88462
1436.81463   0.05769	   0.05769	   0.88462
1437.78218   0.05769	   0.05769	   0.88462
1438.74973   0.05769	   0.05769	   0.88462
1439.71728   0.05769	   0.05769	   0.88462
1440.68483   0.05769	   0.05769	   0.88462
1441.65239   0.05769	   0.05769	   0.88462
1442.61994   0.05769	   0.05769	   0.88462
1443.58749   0.07692	   0.03846	   0.88462
1444.55504   0.07692	   0.03846	   0.88462
1445.52259   0.07692	   0.03846	   0.88462
1446.49014   0.05769	   0.05769	   0.88462
1447.45770   0.05769	   0.05769	   0.88462
1448.42525   0.05769	   0.05769	   0.88462
1449.39280   0.05769	   0.05769	   0.88462
1450.36035   0.05769	   0.05769	   0.88462
1451.32790   0.05769	   0.05769	   0.88462
1452.29546   0.05769	   0.05769	   0.88462
1453.26301   0.05769	   0.05769	   0.88462
1454.23056   0.05769	   0.05769	   0.88462
1455.19811   0.07692	   0.03846	   0.88462
1456.16566   0.07692	   0.03846	   0.88462
1457.13322   0.05769	   0.05769	   0.88462
1458.10077   0.05769	   0.05769	   0.88462
1459.06832   0.05769	   0.05769	   0.88462
1460.03587   0.05769	   0.05769	   0.88462
1461.00342   0.05769	   0.05769	   0.88462
1461.97098   0.05769	   0.05769	   0.88462
1462.93853   0.05769	   0.05769	   0.88462
1463.90608   0.05769	   0.05769	   0.88462
1464.87363   0.05769	   0.05769	   0.88462
1465.84118   0.05769	   0.05769	   0.88462
1466.80874   0.05769	   0.05769	   0.88462
1467.77629   0.05769	   0.05769	   0.88462
1468.74384   0.05769	   0.05769	   0.88462
1469.71139   0.05769	   0.05769	   0.88462
1470.67894   0.05769	   0.05769	   0.88462
1471.64650   0.07692	   0.03846	   0.88462
1472.61405   0.07692	   0.03846	   0.88462
1473.58160   0.07692	   0.03846	   0.88462
1474.54915   0.07692	   0.03846	   0.88462
1475.51670   0.07692	   0.03846	   0.88462
1476.48425   0.07692	   0.03846	   0.88462
1477.45181   0.07692	   0.03846	   0.88462
1478.41936   0.07692	   0.03846	   0.88462
1479.38691   0.07692	   0.03846	   0.88462
1480.35446   0.07692	   0.03846	   0.88462
1481.32201   0.07692	   0.03846	   0.88462
1482.28957   0.07692	   0.03846	   0.88462
1483.25712   0.07692	   0.03846	   0.88462
1484.22467   0.07692	   0.03846	   0.88462
1485.19222   0.07692	   0.03846	   0.88462
1486.15977   0.07692	   0.03846	   0.88462
1487.12733   0.07692	   0.03846	   0.88462
1488.09488   0.07692	   0.03846	   0.88462
1489.06243   0.07692	   0.03846	   0.88462
1490.02998   0.07692	   0.01923	   0.90385
1490.99753   0.09615	   0.00000	   0.90385
1491.96509   0.07692	   0.01923	   0.90385
1492.93264   0.07692	   0.01923	   0.90385
1493.90019   0.07692	   0.01923	   0.90385
1494.86774   0.07692	   0.01923	   0.90385
1495.83529   0.07692	   0.01923	   0.90385
1496.80285   0.07692	   0.01923	   0.90385
1497.77040   0.05769	   0.03846	   0.90385
1498.73795   0.03846	   0.03846	   0.92308
1499.70550   0.03846	   0.03846	   0.92308
1500.67305   0.03846	   0.03846	   0.92308
1501.64061   0.03846	   0.03846	   0.92308
1502.60816   0.03846	   0.03846	   0.92308
1503.57571   0.01923	   0.05769	   0.92308
1504.54326   0.01923	   0.05769	   0.92308
1505.51081   0.01923	   0.05769	   0.92308
1506.47836   0.03846	   0.03846	   0.92308
1507.44592   0.03846	   0.03846	   0.92308
1508.41347   0.03846	   0.03846	   0.92308
1509.38102   0.05769	   0.01923	   0.92308
1510.34857   0.05769	   0.01923	   0.92308
1511.31612   0.05769	   0.01923	   0.92308
1512.28368   0.05769	   0.01923	   0.92308
1513.25123   0.05769	   0.01923	   0.92308
1514.21878   0.05769	   0.01923	   0.92308
1515.18633   0.05769	   0.01923	   0.92308
1516.15388   0.05769	   0.01923	   0.92308
1517.12144   0.05769	   0.01923	   0.92308
1518.08899   0.03846	   0.03846	   0.92308
1519.05654   0.03846	   0.03846	   0.92308
1520.02409   0.03846	   0.03846	   0.92308
1520.99164   0.03846	   0.03846	   0.92308
1521.95920   0.03846	   0.03846	   0.92308
1522.92675   0.03846	   0.03846	   0.92308
1523.89430   0.03846	   0.03846	   0.92308
1524.86185   0.03846	   0.03846	   0.92308
1525.82940   0.03846	   0.03846	   0.92308
1526.79696   0.03846	   0.03846	   0.92308
1527.76451   0.03846	   0.03846	   0.92308
1528.73206   0.03846	   0.03846	   0.92308
1529.69961   0.03846	   0.03846	   0.92308
1530.66716   0.03846	   0.03846	   0.92308
1531.63472   0.05769	   0.01923	   0.92308
1532.60227   0.05769	   0.01923	   0.92308
1533.56982   0.05769	   0.01923	   0.92308
1534.53737   0.05769	   0.01923	   0.92308
1535.50492   0.05769	   0.01923	   0.92308
1536.47247   0.05769	   0.01923	   0.92308
1537.44003   0.05769	   0.01923	   0.92308
1538.40758   0.03846	   0.03846	   0.92308
1539.37513   0.03846	   0.03846	   0.92308
1540.34268   0.05769	   0.01923	   0.92308
1541.31023   0.05769	   0.01923	   0.92308
1542.27779   0.05769	   0.01923	   0.92308
1543.24534   0.05769	   0.01923	   0.92308
1544.21289   0.05769	   0.01923	   0.92308
1545.18044   0.05769	   0.01923	   0.92308
1546.14799   0.05769	   0.01923	   0.92308
1547.11555   0.05769	   0.01923	   0.92308
1548.08310   0.05769	   0.01923	   0.92308
1549.05065   0.03846	   0.03846	   0.92308
1550.01820   0.03846	   0.03846	   0.92308
1550.98575   0.03846	   0.03846	   0.92308
1551.95331   0.03846	   0.03846	   0.92308
1552.92086   0.03846	   0.03846	   0.92308
1553.88841   0.03846	   0.03846	   0.92308
1554.85596   0.03846	   0.03846	   0.92308
1555.82351   0.03846	   0.03846	   0.92308
1556.79107   0.03846	   0.03846	   0.92308
1557.75862   0.05769	   0.01923	   0.92308
1558.72617   0.05769	   0.01923	   0.92308
1559.69372   0.05769	   0.01923	   0.92308
1560.66127   0.05769	   0.01923	   0.92308
1561.62883   0.05769	   0.01923	   0.92308
1562.59638   0.05769	   0.01923	   0.92308
1563.56393   0.05769	   0.01923	   0.92308
1564.53148   0.05769	   0.01923	   0.92308
1565.49903   0.05769	   0.01923	   0.92308
1566.46658   0.05769	   0.01923	   0.92308
1567.43414   0.05769	   0.01923	   0.92308
1568.40169   0.05769	   0.01923	   0.92308
1569.36924   0.05769	   0.01923	   0.92308
1570.33679   0.05769	   0.01923	   0.92308
1571.30434   0.05769	   0.01923	   0.92308
1572.27190   0.05769	   0.01923	   0.92308
1573.23945   0.05769	   0.01923	   0.92308
1574.20700   0.03846	   0.01923	   0.94231
1575.17455   0.03846	   0.01923	   0.94231
1576.14210   0.03846	   0.01923	   0.94231
1577.10966   0.03846	   0.01923	   0.94231
1578.07721   0.03846	   0.01923	   0.94231
1579.04476   0.03846	   0.01923	   0.94231
1580.01231   0.03846	   0.01923	   0.94231
1580.97986   0.05769	   0.00000	   0.94231
1581.94742   0.03846	   0.01923	   0.94231
1582.91497   0.03846	   0.01923	   0.94231
1583.88252   0.03846	   0.01923	   0.94231
1584.85007   0.03846	   0.01923	   0.94231
1585.81762   0.03846	   0.01923	   0.94231
1586.78518   0.03846	   0.01923	   0.94231
1587.75273   0.03846	   0.01923	   0.94231
1588.72028   0.03846	   0.01923	   0.94231
1589.68783   0.03846	   0.01923	   0.94231
1590.65538   0.03846	   0.01923	   0.94231
1591.62294   0.03846	   0.01923	   0.94231
1592.59049   0.01923	   0.01923	   0.96154
1593.55804   0.01923	   0.01923	   0.96154
1594.52559   0.01923	   0.01923	   0.96154
1595.49314   0.01923	   0.01923	   0.96154
1596.46070   0.01923	   0.01923	   0.96154
1597.42825   0.01923	   0.01923	   0.96154
1598.39580   0.01923	   0.01923	   0.96154
1599.36335   0.01923	   0.01923	   0.96154
1600.33090   0.01923	   0.01923	   0.96154
1601.29845   0.01923	   0.01923	   0.96154
1602.26601   0.01923	   0.01923	   0.96154
1603.23356   0.03846	   0.00000	   0.96154
1604.20111   0.03846	   0.00000	   0.96154
1605.16866   0.03846	   0.00000	   0.96154
1606.13621   0.03846	   0.00000	   0.96154
1607.10377   0.03846	   0.00000	   0.96154
1608.07132   0.03846	   0.00000	   0.96154
1609.03887   0.03846	   0.00000	   0.96154
1610.00642   0.03846	   0.00000	   0.96154
1610.97397   0.01923	   0.01923	   0.96154
1611.94153   0.01923	   0.01923	   0.96154
1612.90908   0.01923	   0.01923	   0.96154
1613.87663   0.01923	   0.01923	   0.96154
1614.84418   0.01923	   0.01923	   0.96154
1615.81173   0.01923	   0.01923	   0.96154
1616.77929   0.01923	   0.01923	   0.96154
1617.74684   0.01923	   0.01923	   0.96154
1618.71439   0.01923	   0.01923	   0.96154
1619.68194   0.01923	   0.01923	   0.96154
1620.64949   0.01923	   0.01923	   0.96154
1621.61705   0.01923	   0.01923	   0.96154
1622.58460   0.01923	   0.01923	   0.96154
1623.55215   0.01923	   0.01923	   0.96154
1624.51970   0.01923	   0.01923	   0.96154
1625.48725   0.01923	   0.01923	   0.96154
1626.45481   0.01923	   0.01923	   0.96154
1627.42236   0.01923	   0.01923	   0.96154
1628.38991   0.01923	   0.01923	   0.96154
1629.35746   0.01923	   0.01923	   0.96154
1630.32501   0.01923	   0.01923	   0.96154
1631.29256   0.01923	   0.01923	   0.96154
1632.26012   0.01923	   0.01923	   0.96154
1633.22767   0.01923	   0.01923	   0.96154
1634.19522   0.01923	   0.01923	   0.96154
1635.16277   0.01923	   0.01923	   0.96154
1636.13032   0.01923	   0.01923	   0.96154
1637.09788   0.01923	   0.01923	   0.96154
1638.06543   0.01923	   0.01923	   0.96154
1639.03298   0.00000	   0.03846	   0.96154
1640.00053   0.00000	   0.03846	   0.96154
1640.96808   0.00000	   0.03846	   0.96154
1641.93564   0.00000	   0.03846	   0.96154
1642.90319   0.00000	   0.03846	   0.96154
1643.87074   0.00000	   0.03846	   0.96154
1644.83829   0.00000	   0.03846	   0.96154
1645.80584   0.00000	   0.03846	   0.96154
1646.77340   0.00000	   0.03846	   0.96154
1647.74095   0.00000	   0.03846	   0.96154
1648.70850   0.00000	   0.03846	   0.96154
1649.67605   0.00000	   0.03846	   0.96154
1650.64360   0.00000	   0.03846	   0.96154
1651.61116   0.00000	   0.03846	   0.96154
1652.57871   0.00000	   0.03846	   0.96154
1653.54626   0.00000	   0.03846	   0.96154
1654.51381   0.00000	   0.03846	   0.96154
1655.48136   0.00000	   0.03846	   0.96154
1656.44892   0.00000	   0.03846	   0.96154
1657.41647   0.00000	   0.03846	   0.96154
1658.38402   0.00000	   0.03846	   0.96154
1659.35157   0.00000	   0.03846	   0.96154
1660.31912   0.00000	   0.03846	   0.96154
1661.28667   0.00000	   0.03846	   0.96154
1662.25423   0.00000	   0.03846	   0.96154
1663.22178   0.00000	   0.03846	   0.96154
1664.18933   0.00000	   0.03846	   0.96154
1665.15688   0.00000	   0.03846	   0.96154
1666.12443   0.00000	   0.03846	   0.96154
1667.09199   0.00000	   0.03846	   0.96154
1668.05954   0.00000	   0.03846	   0.96154
1669.02709   0.00000	   0.03846	   0.96154
1669.99464   0.00000	   0.03846	   0.96154
1670.96219   0.00000	   0.03846	   0.96154
1671.92975   0.00000	   0.03846	   0.96154
1672.89730   0.00000	   0.03846	   0.96154
1673.86485   0.00000	   0.03846	   0.96154
1674.83240   0.00000	   0.03846	   0.96154
1675.79995   0.00000	   0.03846	   0.96154
1676.76751   0.00000	   0.03846	   0.96154
1677.73506   0.00000	   0.03846	   0.96154
1678.70261   0.00000	   0.03846	   0.96154
1679.67016   0.00000	   0.03846	   0.96154
1680.63771   0.00000	   0.03846	   0.96154
1681.60527   0.00000	   0.03846	   0.96154
1682.57282   0.00000	   0.03846	   0.96154
1683.54037   0.00000	   0.03846	   0.96154
1684.50792   0.00000	   0.03846	   0.96154
1685.47547   0.00000	   0.03846	   0.96154
1686.44303   0.00000	   0.03846	   0.96154
1687.41058   0.00000	   0.03846	   0.96154
1688.37813   0.00000	   0.03846	   0.96154
1689.34568   0.00000	   0.03846	   0.96154
1690.31323   0.00000	   0.03846	   0.96154
1691.28078   0.00000	   0.03846	   0.96154
1692.24834   0.00000	   0.03846	   0.96154
1693.21589   0.00000	   0.03846	   0.96154
1694.18344   0.00000	   0.03846	   0.96154
1695.15099   0.00000	   0.03846	   0.96154
1696.11854   0.00000	   0.03846	   0.96154
1697.08610   0.00000	   0.03846	   0.96154
1698.05365   0.00000	   0.03846	   0.96154
1699.02120   0.00000	   0.03846	   0.96154
1699.98875   0.00000	   0.03846	   0.96154
1700.95630   0.00000	   0.03846	   0.96154
1701.92386   0.00000	   0.03846	   0.96154
1702.89141   0.00000	   0.03846	   0.96154
1703.85896   0.00000	   0.03846	   0.96154
1704.82651   0.00000	   0.03846	   0.96154
1705.79406   0.00000	   0.03846	   0.96154
1706.76162   0.00000	   0.03846	   0.96154
1707.72917   0.00000	   0.03846	   0.96154
1708.69672   0.00000	   0.03846	   0.96154
1709.66427   0.00000	   0.03846	   0.96154
1710.63182   0.00000	   0.03846	   0.96154
1711.59938   0.00000	   0.03846	   0.96154
1712.56693   0.00000	   0.03846	   0.96154
1713.53448   0.00000	   0.03846	   0.96154
1714.50203   0.00000	   0.03846	   0.96154
1715.46958   0.00000	   0.03846	   0.96154
1716.43714   0.00000	   0.03846	   0.96154
1717.40469   0.00000	   0.03846	   0.96154
1718.37224   0.00000	   0.03846	   0.96154
1719.33979   0.00000	   0.03846	   0.96154
1720.30734   0.00000	   0.03846	   0.96154
1721.27489   0.00000	   0.03846	   0.96154
1722.24245   0.00000	   0.03846	   0.96154
1723.21000   0.00000	   0.03846	   0.96154
1724.17755   0.00000	   0.03846	   0.96154
1725.14510   0.00000	   0.03846	   0.96154
1726.11265   0.00000	   0.03846	   0.96154
1727.08021   0.01923	   0.01923	   0.96154
1728.04776   0.01923	   0.01923	   0.96154
1729.01531   0.01923	   0.01923	   0.96154
1729.98286   0.01923	   0.01923	   0.96154
1730.95041   0.01923	   0.01923	   0.96154
1731.91797   0.01923	   0.01923	   0.96154
1732.88552   0.01923	   0.01923	   0.96154
1733.85307   0.01923	   0.01923	   0.96154
1734.82062   0.01923	   0.01923	   0.96154
1735.78817   0.01923	   0.01923	   0.96154
1736.75573   0.01923	   0.01923	   0.96154
1737.72328   0.01923	   0.01923	   0.96154
1738.69083   0.01923	   0.01923	   0.96154
1739.65838   0.01923	   0.01923	   0.96154
1740.62593   0.01923	   0.01923	   0.96154
1741.59349   0.01923	   0.01923	   0.96154
1742.56104   0.01923	   0.01923	   0.96154
1743.52859   0.01923	   0.01923	   0.96154
1744.49614   0.01923	   0.01923	   0.96154
1745.46369   0.01923	   0.01923	   0.96154
1746.43125   0.01923	   0.01923	   0.96154
1747.39880   0.01923	   0.01923	   0.96154
1748.36635   0.01923	   0.01923	   0.96154
1749.33390   0.01923	   0.01923	   0.96154
1750.30145   0.01923	   0.01923	   0.96154
1751.26900   0.01923	   0.01923	   0.96154
1752.23656   0.01923	   0.01923	   0.96154
1753.20411   0.01923	   0.01923	   0.96154
1754.17166   0.01923	   0.01923	   0.96154
1755.13921   0.01923	   0.01923	   0.96154
1756.10676   0.01923	   0.01923	   0.96154
1757.07432   0.01923	   0.01923	   0.96154
1758.04187   0.01923	   0.01923	   0.96154
1759.00942   0.01923	   0.01923	   0.96154
1759.97697   0.01923	   0.01923	   0.96154
1760.94452   0.01923	   0.01923	   0.96154
1761.91208   0.01923	   0.01923	   0.96154
1762.87963   0.01923	   0.01923	   0.96154
1763.84718   0.01923	   0.01923	   0.96154
1764.81473   0.01923	   0.01923	   0.96154
1765.78228   0.01923	   0.01923	   0.96154
1766.74984   0.01923	   0.01923	   0.96154
1767.71739   0.01923	   0.01923	   0.96154
1768.68494   0.01923	   0.01923	   0.96154
1769.65249   0.01923	   0.01923	   0.96154
1770.62004   0.00000	   0.03846	   0.96154
1771.58760   0.00000	   0.03846	   0.96154
1772.55515   0.00000	   0.03846	   0.96154
1773.52270   0.00000	   0.03846	   0.96154
1774.49025   0.00000	   0.03846	   0.96154
1775.45780   0.00000	   0.03846	   0.96154
1776.42536   0.00000	   0.03846	   0.96154
1777.39291   0.00000	   0.03846	   0.96154
1778.36046   0.00000	   0.03846	   0.96154
1779.32801   0.00000	   0.03846	   0.96154
1780.29556   0.00000	   0.03846	   0.96154
1781.26311   0.00000	   0.03846	   0.96154
1782.23067   0.00000	   0.03846	   0.96154
1783.19822   0.00000	   0.03846	   0.96154
1784.16577   0.00000	   0.03846	   0.96154
1785.13332   0.00000	   0.03846	   0.96154
1786.10087   0.00000	   0.03846	   0.96154
1787.06843   0.00000	   0.03846	   0.96154
1788.03598   0.00000	   0.03846	   0.96154
1789.00353   0.00000	   0.03846	   0.96154
1789.97108   0.00000	   0.03846	   0.96154
1790.93863   0.00000	   0.03846	   0.96154
1791.90619   0.00000	   0.03846	   0.96154
1792.87374   0.00000	   0.03846	   0.96154
1793.84129   0.00000	   0.03846	   0.96154
1794.80884   0.00000	   0.03846	   0.96154
1795.77639   0.00000	   0.03846	   0.96154
1796.74395   0.00000	   0.03846	   0.96154
1797.71150   0.00000	   0.03846	   0.96154
1798.67905   0.00000	   0.03846	   0.96154
1799.64660   0.00000	   0.03846	   0.96154
1800.61415   0.00000	   0.03846	   0.96154
1801.58171   0.00000	   0.03846	   0.96154
1802.54926   0.00000	   0.03846	   0.96154
1803.51681   0.00000	   0.03846	   0.96154
1804.48436   0.00000	   0.03846	   0.96154
1805.45191   0.00000	   0.03846	   0.96154
1806.41947   0.00000	   0.03846	   0.96154
1807.38702   0.00000	   0.03846	   0.96154
1808.35457   0.00000	   0.03846	   0.96154
1809.32212   0.00000	   0.03846	   0.96154
1810.28967   0.00000	   0.03846	   0.96154
1811.25722   0.00000	   0.03846	   0.96154
1812.22478   0.00000	   0.01923	   0.98077
1813.19233   0.00000	   0.01923	   0.98077
1814.15988   0.00000	   0.01923	   0.98077
1815.12743   0.00000	   0.01923	   0.98077
1816.09498   0.00000	   0.01923	   0.98077
1817.06254   0.00000	   0.01923	   0.98077
1818.03009   0.00000	   0.01923	   0.98077
1818.99764   0.00000	   0.01923	   0.98077
1819.96519   0.00000	   0.01923	   0.98077
1820.93274   0.00000	   0.01923	   0.98077
1821.90030   0.00000	   0.01923	   0.98077
1822.86785   0.00000	   0.01923	   0.98077
1823.83540   0.00000	   0.01923	   0.98077
1824.80295   0.00000	   0.01923	   0.98077
1825.77050   0.00000	   0.01923	   0.98077
1826.73806   0.00000	   0.01923	   0.98077
1827.70561   0.00000	   0.01923	   0.98077
1828.67316   0.00000	   0.01923	   0.98077
1829.64071   0.00000	   0.01923	   0.98077
1830.60826   0.00000	   0.01923	   0.98077
1831.57582   0.00000	   0.01923	   0.98077
1832.54337   0.00000	   0.01923	   0.98077
1833.51092   0.00000	   0.01923	   0.98077
1834.47847   0.00000	   0.01923	   0.98077
1835.44602   0.00000	   0.01923	   0.98077
1836.41358   0.00000	   0.01923	   0.98077
1837.38113   0.00000	   0.01923	   0.98077
1838.34868   0.00000	   0.01923	   0.98077
1839.31623   0.00000	   0.01923	   0.98077
1840.28378   0.00000	   0.01923	   0.98077
1841.25133   0.00000	   0.01923	   0.98077
1842.21889   0.00000	   0.01923	   0.98077
1843.18644   0.00000	   0.01923	   0.98077
1844.15399   0.00000	   0.01923	   0.98077
1845.12154   0.00000	   0.01923	   0.98077
1846.08909   0.00000	   0.01923	   0.98077
1847.05665   0.00000	   0.01923	   0.98077
1848.02420   0.00000	   0.01923	   0.98077
1848.99175   0.00000	   0.01923	   0.98077
1849.95930   0.00000	   0.01923	   0.98077
1850.92685   0.00000	   0.01923	   0.98077
1851.89441   0.00000	   0.01923	   0.98077
1852.86196   0.00000	   0.01923	   0.98077
1853.82951   0.00000	   0.01923	   0.98077
1854.79706   0.00000	   0.01923	   0.98077
1855.76461   0.00000	   0.01923	   0.98077
1856.73217   0.00000	   0.01923	   0.98077
1857.69972   0.00000	   0.01923	   0.98077
1858.66727   0.00000	   0.01923	   0.98077
1859.63482   0.00000	   0.01923	   0.98077
1860.60237   0.00000	   0.01923	   0.98077
1861.56993   0.00000	   0.01923	   0.98077
1862.53748   0.00000	   0.01923	   0.98077
1863.50503   0.00000	   0.01923	   0.98077
1864.47258   0.00000	   0.01923	   0.98077
1865.44013   0.00000	   0.01923	   0.98077
1866.40769   0.00000	   0.01923	   0.98077
1867.37524   0.00000	   0.01923	   0.98077
1868.34279   0.00000	   0.01923	   0.98077
1869.31034   0.00000	   0.01923	   0.98077
1870.27789   0.00000	   0.01923	   0.98077
1871.24544   0.00000	   0.01923	   0.98077
1872.21300   0.00000	   0.01923	   0.98077
1873.18055   0.00000	   0.03846	   0.96154
1874.14810   0.00000	   0.03846	   0.96154
1875.11565   0.00000	   0.03846	   0.96154
1876.08320   0.00000	   0.03846	   0.96154
1877.05076   0.00000	   0.03846	   0.96154
1878.01831   0.00000	   0.03846	   0.96154
1878.98586   0.00000	   0.03846	   0.96154
1879.95341   0.00000	   0.03846	   0.96154
1880.92096   0.00000	   0.03846	   0.96154
1881.88852   0.00000	   0.03846	   0.96154
1882.85607   0.00000	   0.03846	   0.96154
1883.82362   0.00000	   0.03846	   0.96154
1884.79117   0.00000	   0.03846	   0.96154
1885.75872   0.00000	   0.03846	   0.96154
1886.72628   0.00000	   0.03846	   0.96154
1887.69383   0.00000	   0.03846	   0.96154
1888.66138   0.00000	   0.03846	   0.96154
1889.62893   0.00000	   0.03846	   0.96154
1890.59648   0.00000	   0.03846	   0.96154
1891.56404   0.00000	   0.03846	   0.96154
1892.53159   0.00000	   0.01923	   0.98077
1893.49914   0.00000	   0.01923	   0.98077
1894.46669   0.00000	   0.01923	   0.98077
1895.43424   0.00000	   0.01923	   0.98077
1896.40180   0.00000	   0.00000	   1.00000
1897.36935   0.00000	   0.00000	   1.00000
1898.33690   0.00000	   0.00000	   1.00000
1899.30445   0.00000	   0.00000	   1.00000
1900.27200   0.00000	   0.00000	   1.00000
1901.23955   0.00000	   0.00000	   1.00000
1902.20711   0.00000	   0.00000	   1.00000
1903.17466   0.00000	   0.00000	   1.00000
1904.14221   0.00000	   0.00000	   1.00000
1905.10976   0.00000	   0.00000	   1.00000
1906.07731   0.00000	   0.00000	   1.00000
1907.04487   0.00000	   0.00000	   1.00000
1908.01242   0.00000	   0.00000	   1.00000
1908.97997   0.00000	   0.00000	   1.00000
1909.94752   0.00000	   0.00000	   1.00000
1910.91507   0.00000	   0.00000	   1.00000
1911.88263   0.00000	   0.00000	   1.00000
1912.85018   0.00000	   0.00000	   1.00000
1913.81773   0.00000	   0.00000	   1.00000
1914.78528   0.00000	   0.00000	   1.00000
1915.75283   0.00000	   0.00000	   1.00000
1916.72039   0.00000	   0.00000	   1.00000
1917.68794   0.00000	   0.00000	   1.00000
1918.65549   0.00000	   0.00000	   1.00000
1919.62304   0.00000	   0.00000	   1.00000
1920.59059   0.00000	   0.00000	   1.00000
1921.55815   0.00000	   0.00000	   1.00000
1922.52570   0.00000	   0.00000	   1.00000
1923.49325   0.00000	   0.00000	   1.00000
1924.46080   0.00000	   0.00000	   1.00000
1925.42835   0.00000	   0.00000	   1.00000
1926.39591   0.00000	   0.00000	   1.00000
1927.36346   0.00000	   0.00000	   1.00000
1928.33101   0.00000	   0.00000	   1.00000
1929.29856   0.00000	   0.00000	   1.00000
1930.26611   0.00000	   0.00000	   1.00000
1931.23367   0.00000	   0.00000	   1.00000
1932.20122   0.00000	   0.00000	   1.00000
1933.16877   0.00000	   0.00000	   1.00000
1934.13632   0.00000	   0.00000	   1.00000
