 0.00000   1.00000
 0.96755   1.00000
 1.93510   1.00000
 2.90266   1.00000
 3.87021   1.00000
 4.83776   1.00000
 5.80531   1.00000
 6.77286   1.00000
 7.74042   1.00000
 8.70797   1.00000
 9.67552   1.00000
10.64307   1.00000
11.61062   1.00000
12.57818   1.00000
13.54573   1.00000
14.51328   1.00000
15.48083   1.00000
16.44838   1.00000
17.41593   1.00000
18.38349   1.00000
19.35104   1.00000
20.31859   0.99000
21.28614   0.98000
22.25369   0.90000
23.22125   0.77000
24.18880   0.71000
25.15635   0.65000
26.12390   0.61000
27.09145   0.59000
28.05901   0.56000
29.02656   0.60000
29.99411   0.61000
30.96166   0.61000
31.92921   0.60000
32.89677   0.60000
33.86432   0.60000
34.83187   0.60000
35.79942   0.59000
36.76697   0.59000
37.73453   0.60000
38.70208   0.59000
39.66963   0.58000
40.63718   0.58000
41.60473   0.59000
42.57229   0.59000
43.53984   0.59000
44.50739   0.59000
45.47494   0.59000
46.44249   0.58000
47.41004   0.58000
48.37760   0.58000
49.34515   0.57000
50.31270   0.54000
51.28025   0.53000
52.24780   0.51000
53.21536   0.50000
54.18291   0.47000
55.15046   0.47000
56.11801   0.44000
57.08556   0.42000
58.05312   0.41000
59.02067   0.40000
59.98822   0.42000
60.95577   0.42000
61.92332   0.43000
62.89088   0.45000
63.85843   0.41000
64.82598   0.39000
65.79353   0.34000
66.76108   0.36000
67.72864   0.36000
68.69619   0.35000
69.66374   0.34000
70.63129   0.33000
71.59884   0.35000
72.56640   0.34000
73.53395   0.35000
74.50150   0.31000
75.46905   0.39000
76.43660   0.36000
77.40415   0.33000
78.37171   0.30000
79.33926   0.32000
80.30681   0.30000
81.27436   0.32000
82.24191   0.31000
83.20947   0.30000
84.17702   0.29000
85.14457   0.29000
86.11212   0.26000
87.07967   0.26000
88.04723   0.27000
89.01478   0.25000
89.98233   0.26000
90.94988   0.27000
91.91743   0.25000
92.88499   0.25000
93.85254   0.27000
94.82009   0.28000
95.78764   0.27000
96.75519   0.25000
97.72275   0.25000
98.69030   0.23000
99.65785   0.22000
100.62540   0.22000
101.59295   0.23000
102.56051   0.25000
103.52806   0.22000
104.49561   0.23000
105.46316   0.20000
106.43071   0.21000
107.39826   0.21000
108.36582   0.21000
109.33337   0.21000
110.30092   0.19000
111.26847   0.17000
112.23602   0.17000
113.20358   0.17000
114.17113   0.14000
115.13868   0.15000
116.10623   0.15000
117.07378   0.15000
118.04134   0.16000
119.00889   0.14000
119.97644   0.14000
120.94399   0.14000
121.91154   0.15000
122.87910   0.15000
123.84665   0.15000
124.81420   0.15000
125.78175   0.14000
126.74930   0.14000
127.71686   0.14000
128.68441   0.14000
129.65196   0.14000
130.61951   0.14000
131.58706   0.14000
132.55462   0.14000
133.52217   0.14000
134.48972   0.14000
135.45727   0.14000
136.42482   0.14000
137.39237   0.14000
138.35993   0.14000
139.32748   0.14000
140.29503   0.14000
141.26258   0.13000
142.23013   0.13000
143.19769   0.13000
144.16524   0.13000
145.13279   0.13000
146.10034   0.12000
147.06789   0.10000
148.03545   0.11000
149.00300   0.09000
149.97055   0.08000
150.93810   0.09000
151.90565   0.06000
152.87321   0.06000
153.84076   0.04000
154.80831   0.06000
155.77586   0.06000
156.74341   0.07000
157.71097   0.07000
158.67852   0.07000
159.64607   0.05000
160.61362   0.05000
161.58117   0.06000
162.54873   0.05000
163.51628   0.07000
164.48383   0.07000
165.45138   0.07000
166.41893   0.07000
167.38648   0.07000
168.35404   0.07000
169.32159   0.07000
170.28914   0.06000
171.25669   0.06000
172.22424   0.06000
173.19180   0.06000
174.15935   0.06000
175.12690   0.06000
176.09445   0.06000
177.06200   0.06000
178.02956   0.06000
178.99711   0.06000
179.96466   0.06000
180.93221   0.06000
181.89976   0.06000
182.86732   0.06000
183.83487   0.06000
184.80242   0.06000
185.76997   0.06000
186.73752   0.06000
187.70508   0.06000
188.67263   0.06000
189.64018   0.06000
190.60773   0.06000
191.57528   0.06000
192.54284   0.06000
193.51039   0.06000
194.47794   0.06000
195.44549   0.06000
196.41304   0.06000
197.38060   0.06000
198.34815   0.06000
199.31570   0.06000
200.28325   0.06000
201.25080   0.06000
202.21835   0.06000
203.18591   0.06000
204.15346   0.06000
205.12101   0.06000
206.08856   0.06000
207.05611   0.06000
208.02367   0.06000
208.99122   0.06000
209.95877   0.06000
210.92632   0.06000
211.89387   0.06000
212.86143   0.06000
213.82898   0.06000
214.79653   0.06000
215.76408   0.06000
216.73163   0.06000
217.69919   0.06000
218.66674   0.06000
219.63429   0.06000
220.60184   0.06000
221.56939   0.06000
222.53695   0.06000
223.50450   0.06000
224.47205   0.06000
225.43960   0.06000
226.40715   0.06000
227.37471   0.06000
228.34226   0.06000
229.30981   0.06000
230.27736   0.06000
231.24491   0.06000
232.21246   0.06000
233.18002   0.06000
234.14757   0.06000
235.11512   0.06000
236.08267   0.06000
237.05022   0.06000
238.01778   0.06000
238.98533   0.06000
239.95288   0.06000
240.92043   0.06000
241.88798   0.06000
242.85554   0.06000
243.82309   0.06000
244.79064   0.06000
245.75819   0.06000
246.72574   0.06000
247.69330   0.06000
248.66085   0.06000
249.62840   0.06000
250.59595   0.06000
251.56350   0.06000
252.53106   0.06000
253.49861   0.06000
254.46616   0.06000
255.43371   0.06000
256.40126   0.06000
257.36882   0.06000
258.33637   0.06000
259.30392   0.06000
260.27147   0.06000
261.23902   0.06000
262.20657   0.06000
263.17413   0.06000
264.14168   0.06000
265.10923   0.06000
266.07678   0.06000
267.04433   0.06000
268.01189   0.06000
268.97944   0.06000
269.94699   0.06000
270.91454   0.06000
271.88209   0.06000
272.84965   0.06000
273.81720   0.06000
274.78475   0.06000
275.75230   0.06000
276.71985   0.06000
277.68741   0.06000
278.65496   0.06000
279.62251   0.06000
280.59006   0.06000
281.55761   0.06000
282.52517   0.06000
283.49272   0.06000
284.46027   0.06000
285.42782   0.06000
286.39537   0.06000
287.36293   0.06000
288.33048   0.06000
289.29803   0.06000
290.26558   0.06000
291.23313   0.06000
292.20068   0.06000
293.16824   0.06000
294.13579   0.06000
295.10334   0.06000
296.07089   0.06000
297.03844   0.06000
298.00600   0.06000
298.97355   0.06000
299.94110   0.06000
300.90865   0.06000
301.87620   0.06000
302.84376   0.06000
303.81131   0.06000
304.77886   0.06000
305.74641   0.06000
306.71396   0.06000
307.68152   0.06000
308.64907   0.06000
309.61662   0.06000
310.58417   0.06000
311.55172   0.06000
312.51928   0.06000
313.48683   0.06000
314.45438   0.06000
315.42193   0.06000
316.38948   0.06000
317.35704   0.06000
318.32459   0.06000
319.29214   0.06000
320.25969   0.06000
321.22724   0.06000
322.19479   0.06000
323.16235   0.06000
324.12990   0.06000
325.09745   0.06000
326.06500   0.06000
327.03255   0.06000
328.00011   0.06000
328.96766   0.06000
329.93521   0.06000
330.90276   0.06000
331.87031   0.06000
332.83787   0.06000
333.80542   0.06000
334.77297   0.06000
335.74052   0.06000
336.70807   0.06000
337.67563   0.06000
338.64318   0.06000
339.61073   0.06000
340.57828   0.06000
341.54583   0.06000
342.51339   0.06000
343.48094   0.06000
344.44849   0.06000
345.41604   0.06000
346.38359   0.06000
347.35115   0.06000
348.31870   0.06000
349.28625   0.06000
350.25380   0.06000
351.22135   0.06000
352.18890   0.06000
353.15646   0.06000
354.12401   0.06000
355.09156   0.06000
356.05911   0.06000
357.02666   0.06000
357.99422   0.06000
358.96177   0.06000
359.92932   0.06000
360.89687   0.06000
361.86442   0.06000
362.83198   0.06000
363.79953   0.06000
364.76708   0.06000
365.73463   0.06000
366.70218   0.06000
367.66974   0.06000
368.63729   0.06000
369.60484   0.06000
370.57239   0.06000
371.53994   0.06000
372.50750   0.06000
