 0.00000   1.00000
 1.93510   1.00000
 3.87021   1.00000
 5.80531   1.00000
 7.74042   1.00000
 9.67552   1.00000
11.61062   1.00000
13.54573   1.00000
15.48083   1.00000
17.41593   1.00000
19.35104   1.00000
21.28614   1.00000
23.22125   1.00000
25.15635   1.00000
27.09145   1.00000
29.02656   1.00000
30.96166   1.00000
32.89677   1.00000
34.83187   1.00000
36.76697   0.99000
38.70208   0.98000
40.63718   0.97000
42.57229   0.97000
44.50739   0.94000
46.44249   0.93000
48.37760   0.90000
50.31270   0.88000
52.24780   0.88000
54.18291   0.86000
56.11801   0.86000
58.05312   0.84000
59.98822   0.84000
61.92332   0.85000
63.85843   0.87000
65.79353   0.87000
67.72864   0.87000
69.66374   0.90000
71.59884   0.88000
73.53395   0.87000
75.46905   0.87000
77.40415   0.86000
79.33926   0.82000
81.27436   0.76000
83.20947   0.71000
85.14457   0.68000
87.07967   0.62000
89.01478   0.60000
90.94988   0.59000
92.88499   0.51000
94.82009   0.54000
96.75519   0.47000
98.69030   0.51000
100.62540   0.49000
102.56051   0.45000
104.49561   0.42000
106.43071   0.43000
108.36582   0.41000
110.30092   0.40000
112.23602   0.38000
114.17113   0.37000
116.10623   0.38000
118.04134   0.37000
119.97644   0.35000
121.91154   0.33000
123.84665   0.33000
125.78175   0.33000
127.71686   0.33000
129.65196   0.33000
131.58706   0.36000
133.52217   0.35000
135.45727   0.40000
137.39237   0.37000
139.32748   0.36000
141.26258   0.35000
143.19769   0.29000
145.13279   0.31000
147.06789   0.28000
149.00300   0.23000
150.93810   0.31000
152.87321   0.36000
154.80831   0.35000
156.74341   0.32000
158.67852   0.38000
160.61362   0.41000
162.54873   0.40000
164.48383   0.42000
166.41893   0.45000
168.35404   0.37000
170.28914   0.39000
172.22424   0.38000
174.15935   0.40000
176.09445   0.42000
178.02956   0.48000
179.96466   0.48000
181.89976   0.46000
183.83487   0.46000
185.76997   0.50000
187.70508   0.51000
189.64018   0.41000
191.57528   0.39000
193.51039   0.42000
195.44549   0.42000
197.38060   0.45000
199.31570   0.43000
201.25080   0.45000
203.18591   0.48000
205.12101   0.50000
207.05611   0.47000
208.99122   0.42000
210.92632   0.42000
212.86143   0.45000
214.79653   0.45000
216.73163   0.42000
218.66674   0.45000
220.60184   0.46000
222.53695   0.49000
224.47205   0.46000
226.40715   0.46000
228.34226   0.43000
230.27736   0.45000
232.21246   0.48000
234.14757   0.47000
236.08267   0.44000
238.01778   0.41000
239.95288   0.45000
241.88798   0.45000
243.82309   0.45000
245.75819   0.45000
247.69330   0.41000
249.62840   0.40000
251.56350   0.42000
253.49861   0.40000
255.43371   0.40000
257.36882   0.38000
259.30392   0.38000
261.23902   0.38000
263.17413   0.38000
265.10923   0.38000
267.04433   0.38000
268.97944   0.38000
270.91454   0.38000
272.84965   0.39000
274.78475   0.40000
276.71985   0.40000
278.65496   0.40000
280.59006   0.39000
282.52517   0.40000
284.46027   0.40000
286.39537   0.41000
288.33048   0.42000
290.26558   0.41000
292.20068   0.41000
294.13579   0.41000
296.07089   0.42000
298.00600   0.41000
299.94110   0.42000
301.87620   0.41000
303.81131   0.41000
305.74641   0.40000
307.68152   0.38000
309.61662   0.39000
311.55172   0.40000
313.48683   0.42000
315.42193   0.42000
317.35704   0.41000
319.29214   0.39000
321.22724   0.38000
323.16235   0.38000
325.09745   0.36000
327.03255   0.35000
328.96766   0.36000
330.90276   0.36000
332.83787   0.36000
334.77297   0.34000
336.70807   0.36000
338.64318   0.35000
340.57828   0.31000
342.51339   0.33000
344.44849   0.34000
346.38359   0.35000
348.31870   0.31000
350.25380   0.33000
352.18890   0.33000
354.12401   0.33000
356.05911   0.32000
357.99422   0.29000
359.92932   0.29000
361.86442   0.26000
363.79953   0.26000
365.73463   0.27000
367.66974   0.24000
369.60484   0.29000
371.53994   0.29000
373.47505   0.25000
375.41015   0.23000
377.34526   0.25000
379.28036   0.28000
381.21546   0.27000
383.15057   0.26000
385.08567   0.25000
387.02077   0.25000
388.95588   0.29000
390.89098   0.28000
392.82609   0.29000
394.76119   0.30000
396.69629   0.30000
398.63140   0.31000
400.56650   0.32000
402.50161   0.31000
404.43671   0.27000
406.37181   0.26000
408.30692   0.26000
410.24202   0.30000
412.17712   0.31000
414.11223   0.29000
416.04733   0.30000
417.98244   0.31000
419.91754   0.29000
421.85264   0.32000
423.78775   0.34000
425.72285   0.33000
427.65796   0.32000
429.59306   0.33000
431.52816   0.33000
433.46327   0.31000
435.39837   0.36000
437.33348   0.36000
439.26858   0.37000
441.20368   0.36000
443.13879   0.35000
445.07389   0.35000
447.00899   0.32000
448.94410   0.32000
450.87920   0.32000
452.81431   0.31000
454.74941   0.30000
456.68451   0.30000
458.61962   0.27000
460.55472   0.27000
462.48983   0.31000
464.42493   0.29000
466.36003   0.30000
468.29514   0.29000
470.23024   0.28000
472.16534   0.24000
474.10045   0.29000
476.03555   0.30000
477.97066   0.27000
479.90576   0.29000
481.84086   0.26000
483.77597   0.27000
485.71107   0.28000
487.64618   0.30000
489.58128   0.30000
491.51638   0.28000
493.45149   0.27000
495.38659   0.27000
497.32170   0.30000
499.25680   0.30000
501.19190   0.31000
503.12701   0.34000
505.06211   0.31000
506.99721   0.34000
508.93232   0.33000
510.86742   0.31000
512.80253   0.26000
514.73763   0.29000
516.67273   0.30000
518.60784   0.27000
520.54294   0.27000
522.47805   0.27000
524.41315   0.31000
526.34825   0.29000
528.28336   0.27000
530.21846   0.27000
532.15357   0.26000
534.08867   0.23000
536.02377   0.20000
537.95888   0.23000
539.89398   0.25000
541.82908   0.27000
543.76419   0.29000
545.69929   0.26000
547.63440   0.29000
549.56950   0.30000
551.50460   0.29000
553.43971   0.31000
555.37481   0.29000
557.30992   0.33000
559.24502   0.32000
561.18012   0.31000
563.11523   0.33000
565.05033   0.35000
566.98543   0.35000
568.92054   0.32000
570.85564   0.32000
572.79075   0.35000
574.72585   0.33000
576.66095   0.33000
578.59606   0.32000
580.53116   0.32000
582.46627   0.36000
584.40137   0.34000
586.33647   0.32000
588.27158   0.31000
590.20668   0.33000
592.14179   0.35000
594.07689   0.35000
596.01199   0.34000
597.94710   0.32000
599.88220   0.28000
601.81730   0.29000
603.75241   0.34000
605.68751   0.32000
607.62262   0.35000
609.55772   0.39000
611.49282   0.35000
613.42793   0.33000
615.36303   0.37000
617.29814   0.34000
619.23324   0.34000
621.16834   0.35000
623.10345   0.35000
625.03855   0.34000
626.97365   0.35000
628.90876   0.37000
630.84386   0.38000
632.77897   0.37000
634.71407   0.37000
636.64917   0.36000
638.58428   0.32000
640.51938   0.36000
642.45449   0.38000
644.38959   0.35000
646.32469   0.35000
648.25980   0.35000
650.19490   0.35000
652.13001   0.32000
654.06511   0.32000
656.00021   0.33000
657.93532   0.34000
659.87042   0.34000
661.80552   0.28000
663.74063   0.27000
665.67573   0.25000
667.61084   0.28000
669.54594   0.30000
671.48104   0.30000
673.41615   0.30000
675.35125   0.33000
677.28636   0.32000
679.22146   0.33000
681.15656   0.33000
683.09167   0.36000
685.02677   0.31000
686.96187   0.32000
688.89698   0.28000
690.83208   0.26000
692.76719   0.22000
694.70229   0.23000
696.63739   0.22000
698.57250   0.24000
700.50760   0.26000
702.44271   0.21000
704.37781   0.21000
706.31291   0.25000
708.24802   0.22000
710.18312   0.23000
712.11823   0.24000
714.05333   0.25000
715.98843   0.21000
717.92354   0.20000
719.85864   0.22000
721.79374   0.29000
723.72885   0.27000
725.66395   0.24000
727.59906   0.24000
729.53416   0.25000
731.46926   0.23000
733.40437   0.22000
735.33947   0.20000
737.27458   0.23000
739.20968   0.26000
741.14478   0.24000
743.07989   0.26000
745.01499   0.23000
746.95009   0.27000
748.88520   0.24000
750.82030   0.28000
752.75541   0.26000
754.69051   0.23000
756.62561   0.27000
758.56072   0.27000
760.49582   0.25000
762.43093   0.30000
764.36603   0.31000
766.30113   0.24000
768.23624   0.27000
770.17134   0.26000
772.10645   0.29000
774.04155   0.30000
775.97665   0.29000
777.91176   0.28000
779.84686   0.30000
781.78196   0.31000
783.71707   0.29000
785.65217   0.31000
787.58728   0.31000
789.52238   0.32000
791.45748   0.34000
793.39259   0.34000
795.32769   0.34000
797.26280   0.37000
799.19790   0.35000
801.13300   0.36000
803.06811   0.35000
805.00321   0.35000
806.93831   0.31000
808.87342   0.32000
810.80852   0.33000
812.74363   0.34000
814.67873   0.30000
816.61383   0.30000
818.54894   0.32000
820.48404   0.33000
822.41915   0.30000
824.35425   0.27000
826.28935   0.28000
828.22446   0.28000
830.15956   0.29000
832.09467   0.30000
834.02977   0.32000
835.96487   0.34000
837.89998   0.32000
839.83508   0.30000
841.77018   0.33000
843.70529   0.32000
845.64039   0.33000
847.57550   0.30000
849.51060   0.29000
851.44570   0.30000
853.38081   0.34000
855.31591   0.34000
857.25102   0.28000
859.18612   0.29000
861.12122   0.32000
863.05633   0.33000
864.99143   0.33000
866.92653   0.32000
868.86164   0.31000
870.79674   0.30000
872.73185   0.31000
874.66695   0.31000
876.60205   0.34000
878.53716   0.32000
880.47226   0.32000
882.40737   0.34000
884.34247   0.34000
886.27757   0.32000
888.21268   0.34000
890.14778   0.34000
892.08289   0.34000
894.01799   0.32000
895.95309   0.29000
897.88820   0.29000
899.82330   0.30000
901.75840   0.29000
903.69351   0.32000
905.62861   0.30000
907.56372   0.30000
909.49882   0.30000
911.43392   0.28000
913.36903   0.28000
915.30413   0.28000
917.23924   0.30000
919.17434   0.27000
921.10944   0.27000
923.04455   0.27000
924.97965   0.27000
926.91476   0.26000
928.84986   0.31000
930.78496   0.29000
932.72007   0.29000
934.65517   0.30000
936.59027   0.30000
938.52538   0.28000
940.46048   0.28000
942.39559   0.27000
944.33069   0.22000
946.26579   0.23000
948.20090   0.27000
950.13600   0.22000
952.07111   0.25000
954.00621   0.25000
955.94131   0.30000
957.87642   0.32000
959.81152   0.29000
961.74662   0.30000
963.68173   0.32000
965.61683   0.27000
967.55194   0.26000
969.48704   0.23000
971.42214   0.24000
973.35725   0.26000
975.29235   0.28000
977.22746   0.26000
979.16256   0.28000
981.09766   0.27000
983.03277   0.31000
984.96787   0.27000
986.90298   0.29000
988.83808   0.26000
990.77318   0.26000
992.70829   0.28000
994.64339   0.29000
996.57849   0.28000
998.51360   0.30000
1000.44870   0.29000
1002.38381   0.31000
1004.31891   0.30000
1006.25401   0.28000
1008.18912   0.27000
1010.12422   0.29000
1012.05933   0.32000
1013.99443   0.33000
1015.92953   0.29000
1017.86464   0.27000
1019.79974   0.28000
1021.73484   0.27000
1023.66995   0.31000
1025.60505   0.28000
1027.54016   0.29000
1029.47526   0.28000
1031.41036   0.28000
1033.34547   0.28000
1035.28057   0.27000
1037.21568   0.30000
1039.15078   0.30000
1041.08588   0.30000
1043.02099   0.32000
1044.95609   0.28000
1046.89120   0.29000
1048.82630   0.29000
1050.76140   0.29000
1052.69651   0.33000
1054.63161   0.31000
1056.56671   0.30000
1058.50182   0.28000
1060.43692   0.27000
1062.37203   0.24000
1064.30713   0.26000
1066.24223   0.27000
1068.17734   0.26000
1070.11244   0.25000
1072.04755   0.27000
1073.98265   0.28000
1075.91775   0.27000
1077.85286   0.27000
1079.78796   0.28000
1081.72306   0.24000
1083.65817   0.26000
1085.59327   0.27000
1087.52838   0.24000
1089.46348   0.20000
1091.39858   0.19000
1093.33369   0.21000
1095.26879   0.23000
1097.20390   0.24000
1099.13900   0.22000
1101.07410   0.23000
1103.00921   0.26000
1104.94431   0.26000
1106.87942   0.27000
1108.81452   0.26000
1110.74962   0.27000
1112.68473   0.25000
1114.61983   0.26000
1116.55493   0.23000
1118.49004   0.24000
1120.42514   0.25000
1122.36025   0.23000
1124.29535   0.25000
1126.23045   0.25000
1128.16556   0.27000
1130.10066   0.29000
1132.03577   0.24000
1133.97087   0.26000
1135.90597   0.28000
1137.84108   0.25000
1139.77618   0.23000
1141.71128   0.25000
1143.64639   0.26000
1145.58149   0.28000
1147.51660   0.27000
1149.45170   0.24000
1151.38680   0.23000
1153.32191   0.25000
1155.25701   0.27000
1157.19212   0.24000
1159.12722   0.24000
1161.06232   0.24000
1162.99743   0.25000
1164.93253   0.28000
1166.86764   0.28000
1168.80274   0.26000
1170.73784   0.23000
1172.67295   0.25000
1174.60805   0.26000
1176.54315   0.27000
1178.47826   0.30000
1180.41336   0.30000
1182.34847   0.27000
1184.28357   0.28000
1186.21867   0.27000
1188.15378   0.29000
1190.08888   0.27000
1192.02399   0.28000
1193.95909   0.31000
1195.89419   0.29000
1197.82930   0.30000
1199.76440   0.26000
1201.69950   0.24000
1203.63461   0.28000
1205.56971   0.25000
1207.50482   0.25000
1209.43992   0.27000
1211.37502   0.26000
1213.31013   0.25000
1215.24523   0.27000
1217.18034   0.27000
1219.11544   0.28000
1221.05054   0.28000
1222.98565   0.31000
1224.92075   0.30000
1226.85586   0.28000
1228.79096   0.28000
1230.72606   0.24000
1232.66117   0.26000
1234.59627   0.24000
1236.53137   0.24000
1238.46648   0.25000
1240.40158   0.25000
1242.33669   0.22000
1244.27179   0.23000
1246.20689   0.26000
1248.14200   0.25000
1250.07710   0.24000
1252.01221   0.25000
1253.94731   0.25000
1255.88241   0.27000
1257.81752   0.25000
1259.75262   0.25000
1261.68773   0.26000
1263.62283   0.27000
1265.55793   0.27000
1267.49304   0.25000
1269.42814   0.27000
1271.36324   0.28000
1273.29835   0.29000
1275.23345   0.25000
1277.16856   0.24000
1279.10366   0.25000
1281.03876   0.25000
1282.97387   0.26000
1284.90897   0.28000
1286.84408   0.27000
1288.77918   0.25000
1290.71428   0.24000
1292.64939   0.26000
1294.58449   0.23000
1296.51959   0.21000
1298.45470   0.22000
1300.38980   0.24000
1302.32491   0.26000
1304.26001   0.26000
1306.19511   0.27000
1308.13022   0.27000
1310.06532   0.27000
1312.00043   0.27000
1313.93553   0.25000
1315.87063   0.26000
1317.80574   0.29000
1319.74084   0.30000
1321.67595   0.29000
1323.61105   0.27000
1325.54615   0.27000
1327.48126   0.24000
1329.41636   0.23000
1331.35146   0.22000
1333.28657   0.22000
1335.22167   0.23000
1337.15678   0.22000
1339.09188   0.22000
1341.02698   0.24000
1342.96209   0.25000
1344.89719   0.24000
1346.83230   0.25000
1348.76740   0.21000
1350.70250   0.23000
1352.63761   0.21000
1354.57271   0.22000
1356.50781   0.23000
1358.44292   0.17000
1360.37802   0.19000
1362.31313   0.18000
1364.24823   0.24000
1366.18333   0.21000
1368.11844   0.19000
1370.05354   0.19000
1371.98865   0.19000
1373.92375   0.22000
1375.85885   0.23000
1377.79396   0.22000
1379.72906   0.20000
1381.66417   0.22000
1383.59927   0.22000
1385.53437   0.20000
1387.46948   0.20000
1389.40458   0.22000
1391.33968   0.20000
1393.27479   0.21000
1395.20989   0.23000
1397.14500   0.21000
1399.08010   0.21000
1401.01520   0.22000
1402.95031   0.22000
1404.88541   0.23000
1406.82052   0.24000
1408.75562   0.23000
1410.69072   0.25000
1412.62583   0.24000
1414.56093   0.23000
1416.49603   0.24000
1418.43114   0.28000
1420.36624   0.28000
1422.30135   0.30000
1424.23645   0.29000
1426.17155   0.28000
1428.10666   0.21000
1430.04176   0.19000
1431.97687   0.22000
1433.91197   0.23000
1435.84707   0.22000
1437.78218   0.23000
1439.71728   0.20000
1441.65239   0.23000
1443.58749   0.23000
1445.52259   0.24000
1447.45770   0.24000
1449.39280   0.23000
1451.32790   0.26000
1453.26301   0.28000
1455.19811   0.28000
1457.13322   0.24000
1459.06832   0.21000
1461.00342   0.22000
1462.93853   0.26000
1464.87363   0.22000
1466.80874   0.23000
1468.74384   0.22000
1470.67894   0.23000
1472.61405   0.24000
1474.54915   0.26000
1476.48425   0.24000
1478.41936   0.25000
1480.35446   0.26000
1482.28957   0.27000
1484.22467   0.27000
1486.15977   0.25000
1488.09488   0.24000
1490.02998   0.24000
1491.96509   0.25000
1493.90019   0.24000
1495.83529   0.25000
1497.77040   0.25000
1499.70550   0.26000
1501.64061   0.23000
1503.57571   0.23000
1505.51081   0.24000
1507.44592   0.23000
1509.38102   0.25000
1511.31612   0.25000
1513.25123   0.27000
1515.18633   0.26000
1517.12144   0.25000
1519.05654   0.24000
1520.99164   0.22000
1522.92675   0.23000
1524.86185   0.23000
1526.79696   0.23000
1528.73206   0.28000
1530.66716   0.24000
1532.60227   0.22000
1534.53737   0.22000
1536.47247   0.17000
1538.40758   0.18000
1540.34268   0.14000
1542.27779   0.15000
1544.21289   0.15000
1546.14799   0.17000
1548.08310   0.17000
1550.01820   0.16000
1551.95331   0.18000
1553.88841   0.19000
1555.82351   0.15000
1557.75862   0.17000
1559.69372   0.15000
1561.62883   0.15000
1563.56393   0.18000
1565.49903   0.19000
1567.43414   0.18000
1569.36924   0.14000
1571.30434   0.16000
1573.23945   0.18000
1575.17455   0.15000
1577.10966   0.17000
1579.04476   0.17000
1580.97986   0.18000
1582.91497   0.15000
1584.85007   0.15000
1586.78518   0.13000
1588.72028   0.12000
1590.65538   0.18000
1592.59049   0.18000
1594.52559   0.19000
1596.46070   0.19000
1598.39580   0.19000
1600.33090   0.17000
1602.26601   0.14000
1604.20111   0.16000
1606.13621   0.14000
1608.07132   0.19000
1610.00642   0.18000
1611.94153   0.22000
1613.87663   0.21000
1615.81173   0.20000
1617.74684   0.22000
1619.68194   0.21000
1621.61705   0.23000
1623.55215   0.24000
1625.48725   0.23000
1627.42236   0.21000
1629.35746   0.20000
1631.29256   0.17000
1633.22767   0.17000
1635.16277   0.18000
1637.09788   0.19000
1639.03298   0.18000
1640.96808   0.15000
1642.90319   0.14000
1644.83829   0.15000
1646.77340   0.17000
1648.70850   0.16000
1650.64360   0.16000
1652.57871   0.16000
1654.51381   0.15000
1656.44892   0.17000
1658.38402   0.18000
1660.31912   0.18000
1662.25423   0.16000
1664.18933   0.15000
1666.12443   0.15000
1668.05954   0.17000
1669.99464   0.18000
1671.92975   0.22000
1673.86485   0.19000
1675.79995   0.19000
1677.73506   0.19000
1679.67016   0.20000
1681.60527   0.18000
1683.54037   0.18000
1685.47547   0.18000
1687.41058   0.20000
1689.34568   0.22000
1691.28078   0.21000
1693.21589   0.19000
1695.15099   0.18000
1697.08610   0.17000
1699.02120   0.16000
1700.95630   0.18000
1702.89141   0.15000
1704.82651   0.19000
1706.76162   0.17000
1708.69672   0.18000
1710.63182   0.18000
1712.56693   0.17000
1714.50203   0.14000
1716.43714   0.17000
1718.37224   0.17000
1720.30734   0.15000
1722.24245   0.14000
1724.17755   0.16000
1726.11265   0.15000
1728.04776   0.18000
1729.98286   0.19000
1731.91797   0.20000
1733.85307   0.16000
1735.78817   0.16000
1737.72328   0.18000
1739.65838   0.19000
1741.59349   0.19000
1743.52859   0.20000
1745.46369   0.19000
1747.39880   0.17000
1749.33390   0.18000
1751.26900   0.21000
1753.20411   0.23000
1755.13921   0.22000
1757.07432   0.22000
1759.00942   0.21000
1760.94452   0.22000
1762.87963   0.18000
1764.81473   0.19000
1766.74984   0.19000
1768.68494   0.19000
1770.62004   0.17000
1772.55515   0.17000
1774.49025   0.17000
1776.42536   0.16000
1778.36046   0.16000
1780.29556   0.15000
1782.23067   0.14000
1784.16577   0.13000
1786.10087   0.13000
1788.03598   0.15000
1789.97108   0.14000
1791.90619   0.14000
1793.84129   0.12000
1795.77639   0.16000
1797.71150   0.14000
1799.64660   0.16000
1801.58171   0.16000
1803.51681   0.16000
1805.45191   0.14000
1807.38702   0.14000
1809.32212   0.15000
1811.25722   0.16000
1813.19233   0.16000
1815.12743   0.16000
1817.06254   0.18000
1818.99764   0.19000
1820.93274   0.20000
1822.86785   0.23000
1824.80295   0.22000
1826.73806   0.22000
1828.67316   0.21000
1830.60826   0.21000
1832.54337   0.17000
1834.47847   0.18000
1836.41358   0.18000
1838.34868   0.17000
1840.28378   0.19000
1842.21889   0.20000
1844.15399   0.19000
1846.08909   0.21000
1848.02420   0.19000
1849.95930   0.22000
1851.89441   0.19000
1853.82951   0.19000
1855.76461   0.20000
1857.69972   0.18000
1859.63482   0.19000
1861.56993   0.18000
1863.50503   0.16000
1865.44013   0.18000
1867.37524   0.19000
1869.31034   0.19000
1871.24544   0.19000
1873.18055   0.19000
1875.11565   0.18000
1877.05076   0.19000
1878.98586   0.20000
1880.92096   0.20000
1882.85607   0.19000
1884.79117   0.19000
1886.72628   0.21000
1888.66138   0.20000
1890.59648   0.20000
1892.53159   0.21000
1894.46669   0.21000
1896.40180   0.21000
1898.33690   0.17000
1900.27200   0.15000
1902.20711   0.15000
1904.14221   0.17000
1906.07731   0.21000
1908.01242   0.19000
1909.94752   0.19000
1911.88263   0.19000
1913.81773   0.22000
1915.75283   0.20000
1917.68794   0.21000
1919.62304   0.22000
1921.55815   0.22000
1923.49325   0.19000
1925.42835   0.19000
1927.36346   0.20000
1929.29856   0.17000
1931.23367   0.17000
1933.16877   0.20000
1935.10387   0.18000
1937.03898   0.22000
1938.97408   0.25000
1940.90918   0.22000
1942.84429   0.23000
1944.77939   0.23000
1946.71450   0.25000
1948.64960   0.23000
1950.58470   0.23000
1952.51981   0.22000
1954.45491   0.22000
1956.39002   0.20000
1958.32512   0.22000
1960.26022   0.21000
1962.19533   0.19000
1964.13043   0.20000
1966.06553   0.19000
1968.00064   0.19000
1969.93574   0.19000
1971.87085   0.20000
1973.80595   0.17000
1975.74105   0.18000
1977.67616   0.19000
1979.61126   0.18000
1981.54637   0.20000
1983.48147   0.20000
1985.41657   0.22000
1987.35168   0.22000
1989.28678   0.21000
1991.22189   0.23000
1993.15699   0.23000
1995.09209   0.22000
1997.02720   0.21000
1998.96230   0.20000
2000.89740   0.20000
2002.83251   0.19000
2004.76761   0.20000
2006.70272   0.20000
2008.63782   0.18000
2010.57292   0.15000
2012.50803   0.19000
2014.44313   0.18000
2016.37824   0.20000
2018.31334   0.21000
2020.24844   0.21000
2022.18355   0.20000
2024.11865   0.21000
2026.05375   0.23000
2027.98886   0.23000
2029.92396   0.22000
2031.85907   0.22000
2033.79417   0.22000
2035.72927   0.24000
2037.66438   0.19000
2039.59948   0.17000
2041.53459   0.19000
2043.46969   0.19000
2045.40479   0.18000
2047.33990   0.18000
2049.27500   0.17000
2051.21011   0.18000
2053.14521   0.18000
2055.08031   0.20000
2057.01542   0.20000
2058.95052   0.20000
2060.88562   0.20000
2062.82073   0.23000
2064.75583   0.23000
2066.69094   0.20000
2068.62604   0.20000
2070.56114   0.19000
2072.49625   0.21000
2074.43135   0.20000
2076.36646   0.20000
2078.30156   0.18000
2080.23666   0.21000
2082.17177   0.19000
2084.10687   0.16000
2086.04197   0.17000
2087.97708   0.17000
2089.91218   0.19000
2091.84729   0.19000
2093.78239   0.18000
2095.71749   0.17000
2097.65260   0.17000
2099.58770   0.16000
2101.52281   0.15000
2103.45791   0.16000
2105.39301   0.19000
2107.32812   0.16000
2109.26322   0.19000
2111.19833   0.16000
2113.13343   0.19000
2115.06853   0.20000
2117.00364   0.19000
2118.93874   0.15000
2120.87384   0.15000
2122.80895   0.14000
2124.74405   0.13000
2126.67916   0.13000
2128.61426   0.15000
2130.54936   0.16000
2132.48447   0.18000
2134.41957   0.18000
2136.35468   0.15000
2138.28978   0.17000
2140.22488   0.15000
2142.15999   0.15000
2144.09509   0.13000
2146.03019   0.15000
2147.96530   0.12000
2149.90040   0.14000
2151.83551   0.13000
2153.77061   0.12000
2155.70571   0.14000
2157.64082   0.13000
2159.57592   0.13000
2161.51103   0.15000
2163.44613   0.13000
2165.38123   0.13000
2167.31634   0.15000
2169.25144   0.15000
2171.18655   0.15000
2173.12165   0.14000
2175.05675   0.13000
2176.99186   0.12000
2178.92696   0.12000
2180.86206   0.12000
2182.79717   0.13000
2184.73227   0.10000
2186.66738   0.09000
2188.60248   0.08000
2190.53758   0.09000
2192.47269   0.10000
2194.40779   0.10000
2196.34290   0.11000
2198.27800   0.11000
2200.21310   0.10000
2202.14821   0.11000
2204.08331   0.12000
2206.01841   0.09000
2207.95352   0.13000
2209.88862   0.14000
2211.82373   0.13000
2213.75883   0.14000
2215.69393   0.12000
2217.62904   0.15000
2219.56414   0.14000
2221.49925   0.14000
2223.43435   0.15000
2225.36945   0.13000
2227.30456   0.12000
2229.23966   0.12000
2231.17477   0.13000
2233.10987   0.12000
2235.04497   0.12000
2236.98008   0.13000
2238.91518   0.14000
2240.85028   0.12000
2242.78539   0.14000
2244.72049   0.11000
2246.65560   0.11000
2248.59070   0.11000
2250.52580   0.12000
2252.46091   0.14000
2254.39601   0.14000
2256.33112   0.13000
2258.26622   0.14000
2260.20132   0.12000
2262.13643   0.12000
2264.07153   0.14000
2266.00663   0.12000
2267.94174   0.15000
2269.87684   0.18000
2271.81195   0.13000
2273.74705   0.12000
2275.68215   0.12000
2277.61726   0.09000
2279.55236   0.11000
2281.48747   0.14000
2283.42257   0.15000
2285.35767   0.17000
2287.29278   0.15000
2289.22788   0.12000
2291.16299   0.11000
2293.09809   0.11000
2295.03319   0.10000
2296.96830   0.10000
2298.90340   0.08000
2300.83850   0.10000
2302.77361   0.09000
2304.70871   0.10000
2306.64382   0.12000
2308.57892   0.12000
2310.51402   0.11000
2312.44913   0.14000
2314.38423   0.10000
2316.31934   0.10000
2318.25444   0.13000
2320.18954   0.16000
2322.12465   0.14000
2324.05975   0.16000
2325.99486   0.16000
2327.92996   0.16000
2329.86506   0.14000
2331.80017   0.14000
2333.73527   0.12000
2335.67037   0.12000
2337.60548   0.12000
2339.54058   0.11000
2341.47569   0.13000
2343.41079   0.14000
2345.34589   0.13000
2347.28100   0.16000
2349.21610   0.17000
2351.15121   0.18000
2353.08631   0.13000
2355.02141   0.14000
2356.95652   0.14000
2358.89162   0.14000
2360.82672   0.15000
2362.76183   0.13000
2364.69693   0.16000
2366.63204   0.16000
2368.56714   0.14000
2370.50224   0.12000
2372.43735   0.09000
2374.37245   0.10000
2376.30756   0.13000
2378.24266   0.09000
2380.17776   0.11000
2382.11287   0.10000
2384.04797   0.11000
2385.98308   0.14000
2387.91818   0.15000
2389.85328   0.16000
2391.78839   0.16000
2393.72349   0.15000
2395.65859   0.14000
2397.59370   0.12000
2399.52880   0.10000
2401.46391   0.11000
2403.39901   0.11000
2405.33411   0.11000
2407.26922   0.14000
2409.20432   0.12000
2411.13943   0.13000
2413.07453   0.12000
2415.00963   0.12000
2416.94474   0.12000
2418.87984   0.13000
2420.81494   0.14000
2422.75005   0.15000
2424.68515   0.11000
2426.62026   0.15000
2428.55536   0.14000
2430.49046   0.15000
2432.42557   0.18000
2434.36067   0.18000
2436.29578   0.18000
2438.23088   0.17000
2440.16598   0.17000
2442.10109   0.18000
2444.03619   0.18000
2445.97130   0.15000
2447.90640   0.14000
2449.84150   0.14000
2451.77661   0.14000
2453.71171   0.14000
2455.64681   0.13000
2457.58192   0.13000
2459.51702   0.16000
2461.45213   0.16000
2463.38723   0.14000
2465.32233   0.14000
2467.25744   0.13000
2469.19254   0.17000
2471.12765   0.16000
2473.06275   0.17000
2474.99785   0.18000
2476.93296   0.17000
2478.86806   0.17000
2480.80316   0.19000
2482.73827   0.17000
2484.67337   0.15000
2486.60848   0.19000
2488.54358   0.18000
2490.47868   0.17000
2492.41379   0.18000
2494.34889   0.17000
2496.28400   0.15000
2498.21910   0.16000
2500.15420   0.18000
2502.08931   0.18000
2504.02441   0.19000
2505.95952   0.19000
2507.89462   0.17000
2509.82972   0.15000
2511.76483   0.15000
2513.69993   0.13000
2515.63503   0.12000
2517.57014   0.11000
2519.50524   0.14000
2521.44035   0.11000
2523.37545   0.13000
2525.31055   0.15000
2527.24566   0.16000
2529.18076   0.13000
2531.11587   0.15000
2533.05097   0.15000
2534.98607   0.14000
2536.92118   0.16000
2538.85628   0.15000
2540.79138   0.15000
2542.72649   0.15000
2544.66159   0.13000
2546.59670   0.13000
2548.53180   0.13000
2550.46690   0.13000
2552.40201   0.14000
2554.33711   0.14000
2556.27222   0.12000
2558.20732   0.12000
2560.14242   0.12000
2562.07753   0.13000
2564.01263   0.13000
2565.94774   0.10000
2567.88284   0.08000
2569.81794   0.09000
2571.75305   0.11000
2573.68815   0.11000
2575.62325   0.11000
2577.55836   0.11000
2579.49346   0.11000
2581.42857   0.09000
2583.36367   0.08000
2585.29877   0.10000
2587.23388   0.11000
2589.16898   0.12000
2591.10409   0.14000
2593.03919   0.14000
2594.97429   0.12000
2596.90940   0.10000
2598.84450   0.11000
2600.77960   0.14000
2602.71471   0.11000
2604.64981   0.10000
2606.58492   0.12000
2608.52002   0.09000
2610.45512   0.06000
2612.39023   0.07000
2614.32533   0.08000
2616.26044   0.07000
2618.19554   0.06000
2620.13064   0.06000
2622.06575   0.07000
2624.00085   0.06000
2625.93596   0.08000
2627.87106   0.08000
2629.80616   0.09000
2631.74127   0.07000
2633.67637   0.08000
2635.61147   0.10000
2637.54658   0.08000
2639.48168   0.09000
2641.41679   0.12000
2643.35189   0.12000
2645.28699   0.11000
2647.22210   0.12000
2649.15720   0.15000
2651.09231   0.13000
2653.02741   0.13000
2654.96251   0.11000
2656.89762   0.09000
2658.83272   0.11000
2660.76783   0.12000
2662.70293   0.13000
2664.63803   0.11000
2666.57314   0.13000
2668.50824   0.12000
2670.44334   0.10000
2672.37845   0.09000
2674.31355   0.10000
2676.24866   0.09000
2678.18376   0.09000
2680.11886   0.10000
2682.05397   0.07000
2683.98907   0.09000
2685.92418   0.07000
2687.85928   0.07000
2689.79438   0.09000
2691.72949   0.14000
2693.66459   0.12000
2695.59969   0.13000
2697.53480   0.12000
2699.46990   0.12000
2701.40501   0.12000
2703.34011   0.10000
2705.27521   0.12000
2707.21032   0.13000
2709.14542   0.13000
2711.08053   0.11000
2713.01563   0.12000
2714.95073   0.13000
2716.88584   0.12000
2718.82094   0.12000
2720.75605   0.12000
2722.69115   0.12000
2724.62625   0.11000
2726.56136   0.08000
2728.49646   0.07000
2730.43156   0.09000
2732.36667   0.09000
2734.30177   0.11000
2736.23688   0.11000
2738.17198   0.15000
2740.10708   0.14000
2742.04219   0.14000
2743.97729   0.12000
2745.91240   0.11000
2747.84750   0.09000
2749.78260   0.11000
2751.71771   0.11000
2753.65281   0.11000
2755.58791   0.09000
2757.52302   0.11000
2759.45812   0.13000
2761.39323   0.13000
2763.32833   0.14000
2765.26343   0.11000
2767.19854   0.11000
2769.13364   0.14000
2771.06875   0.15000
2773.00385   0.15000
2774.93895   0.15000
2776.87406   0.15000
2778.80916   0.15000
2780.74427   0.13000
2782.67937   0.12000
2784.61447   0.11000
2786.54958   0.13000
2788.48468   0.12000
2790.41978   0.12000
2792.35489   0.15000
2794.28999   0.15000
2796.22510   0.15000
2798.16020   0.16000
2800.09530   0.18000
2802.03041   0.17000
2803.96551   0.15000
2805.90062   0.14000
2807.83572   0.14000
2809.77082   0.13000
2811.70593   0.16000
2813.64103   0.16000
2815.57613   0.16000
2817.51124   0.15000
2819.44634   0.12000
2821.38145   0.13000
2823.31655   0.14000
2825.25165   0.12000
2827.18676   0.12000
2829.12186   0.14000
2831.05697   0.12000
2832.99207   0.14000
2834.92717   0.13000
2836.86228   0.14000
2838.79738   0.14000
2840.73249   0.12000
2842.66759   0.12000
2844.60269   0.12000
2846.53780   0.12000
2848.47290   0.14000
2850.40800   0.15000
2852.34311   0.16000
2854.27821   0.17000
2856.21332   0.15000
2858.14842   0.15000
2860.08352   0.15000
2862.01863   0.13000
2863.95373   0.14000
2865.88884   0.12000
2867.82394   0.13000
2869.75904   0.14000
2871.69415   0.14000
2873.62925   0.14000
2875.56435   0.11000
2877.49946   0.13000
2879.43456   0.12000
2881.36967   0.11000
2883.30477   0.10000
2885.23987   0.13000
2887.17498   0.13000
2889.11008   0.13000
2891.04519   0.12000
2892.98029   0.14000
2894.91539   0.14000
2896.85050   0.13000
2898.78560   0.13000
2900.72071   0.14000
2902.65581   0.15000
2904.59091   0.13000
2906.52602   0.13000
2908.46112   0.14000
2910.39622   0.13000
2912.33133   0.12000
2914.26643   0.12000
2916.20154   0.15000
2918.13664   0.14000
2920.07174   0.11000
2922.00685   0.12000
2923.94195   0.13000
2925.87706   0.13000
2927.81216   0.13000
2929.74726   0.11000
2931.68237   0.13000
2933.61747   0.12000
2935.55257   0.13000
2937.48768   0.12000
2939.42278   0.14000
2941.35789   0.16000
2943.29299   0.13000
2945.22809   0.14000
2947.16320   0.14000
2949.09830   0.10000
2951.03341   0.09000
2952.96851   0.11000
2954.90361   0.12000
2956.83872   0.12000
2958.77382   0.12000
2960.70893   0.15000
2962.64403   0.15000
2964.57913   0.15000
2966.51424   0.15000
2968.44934   0.14000
2970.38444   0.13000
2972.31955   0.14000
2974.25465   0.16000
2976.18976   0.15000
2978.12486   0.11000
2980.05996   0.11000
2981.99507   0.15000
2983.93017   0.14000
2985.86528   0.13000
2987.80038   0.12000
2989.73548   0.13000
2991.67059   0.13000
2993.60569   0.12000
2995.54080   0.13000
2997.47590   0.12000
2999.41100   0.14000
3001.34611   0.13000
3003.28121   0.14000
3005.21631   0.14000
3007.15142   0.14000
3009.08652   0.13000
3011.02163   0.13000
3012.95673   0.13000
3014.89183   0.12000
3016.82694   0.15000
3018.76204   0.15000
3020.69715   0.13000
3022.63225   0.14000
3024.56735   0.13000
3026.50246   0.12000
3028.43756   0.11000
3030.37266   0.12000
3032.30777   0.13000
3034.24287   0.11000
3036.17798   0.11000
3038.11308   0.12000
3040.04818   0.13000
3041.98329   0.12000
3043.91839   0.15000
3045.85350   0.15000
3047.78860   0.15000
3049.72370   0.15000
3051.65881   0.16000
3053.59391   0.15000
3055.52902   0.16000
3057.46412   0.17000
3059.39922   0.15000
3061.33433   0.16000
3063.26943   0.16000
3065.20453   0.12000
3067.13964   0.12000
3069.07474   0.13000
3071.00985   0.12000
3072.94495   0.12000
3074.88005   0.12000
3076.81516   0.13000
3078.75026   0.12000
3080.68537   0.11000
3082.62047   0.13000
3084.55557   0.14000
3086.49068   0.14000
3088.42578   0.12000
3090.36088   0.10000
3092.29599   0.13000
3094.23109   0.14000
3096.16620   0.13000
3098.10130   0.12000
3100.03640   0.14000
3101.97151   0.12000
3103.90661   0.10000
3105.84172   0.11000
3107.77682   0.11000
3109.71192   0.11000
3111.64703   0.12000
3113.58213   0.13000
3115.51724   0.14000
3117.45234   0.14000
3119.38744   0.16000
3121.32255   0.14000
3123.25765   0.17000
3125.19275   0.19000
3127.12786   0.20000
3129.06296   0.21000
3130.99807   0.19000
3132.93317   0.17000
3134.86827   0.18000
3136.80338   0.17000
3138.73848   0.17000
3140.67359   0.19000
3142.60869   0.21000
3144.54379   0.19000
3146.47890   0.17000
3148.41400   0.16000
3150.34910   0.16000
3152.28421   0.18000
3154.21931   0.18000
3156.15442   0.14000
3158.08952   0.16000
3160.02462   0.16000
3161.95973   0.16000
3163.89483   0.15000
3165.82994   0.13000
3167.76504   0.16000
3169.70014   0.17000
3171.63525   0.17000
3173.57035   0.15000
3175.50546   0.18000
3177.44056   0.15000
3179.37566   0.16000
3181.31077   0.16000
3183.24587   0.18000
3185.18097   0.17000
3187.11608   0.18000
3189.05118   0.18000
3190.98629   0.15000
3192.92139   0.13000
3194.85649   0.13000
3196.79160   0.13000
3198.72670   0.13000
3200.66181   0.15000
3202.59691   0.15000
3204.53201   0.14000
3206.46712   0.13000
3208.40222   0.14000
3210.33732   0.15000
3212.27243   0.14000
3214.20753   0.13000
3216.14264   0.14000
3218.07774   0.12000
3220.01284   0.14000
3221.94795   0.16000
3223.88305   0.19000
3225.81816   0.18000
3227.75326   0.18000
3229.68836   0.17000
3231.62347   0.15000
3233.55857   0.12000
3235.49368   0.14000
3237.42878   0.14000
3239.36388   0.15000
3241.29899   0.15000
3243.23409   0.16000
3245.16919   0.17000
3247.10430   0.15000
3249.03940   0.14000
3250.97451   0.13000
3252.90961   0.13000
3254.84471   0.12000
3256.77982   0.14000
3258.71492   0.12000
3260.65003   0.11000
3262.58513   0.14000
3264.52023   0.15000
3266.45534   0.15000
3268.39044   0.14000
3270.32554   0.14000
3272.26065   0.14000
3274.19575   0.16000
3276.13086   0.16000
3278.06596   0.16000
3280.00106   0.16000
3281.93617   0.17000
3283.87127   0.16000
3285.80638   0.15000
3287.74148   0.14000
3289.67658   0.14000
3291.61169   0.14000
3293.54679   0.14000
3295.48190   0.16000
3297.41700   0.16000
3299.35210   0.16000
3301.28721   0.16000
3303.22231   0.17000
3305.15741   0.16000
3307.09252   0.15000
3309.02762   0.16000
3310.96273   0.17000
3312.89783   0.17000
3314.83293   0.17000
3316.76804   0.17000
3318.70314   0.18000
3320.63825   0.16000
3322.57335   0.17000
3324.50845   0.17000
3326.44356   0.16000
3328.37866   0.17000
3330.31376   0.16000
3332.24887   0.15000
3334.18397   0.17000
3336.11908   0.15000
3338.05418   0.17000
3339.98928   0.16000
3341.92439   0.15000
3343.85949   0.16000
3345.79460   0.16000
3347.72970   0.16000
3349.66480   0.17000
3351.59991   0.18000
3353.53501   0.17000
3355.47012   0.17000
3357.40522   0.16000
3359.34032   0.17000
3361.27543   0.16000
3363.21053   0.14000
3365.14563   0.15000
3367.08074   0.15000
3369.01584   0.15000
3370.95095   0.12000
3372.88605   0.13000
3374.82115   0.12000
3376.75626   0.12000
3378.69136   0.12000
3380.62647   0.12000
3382.56157   0.16000
3384.49667   0.14000
3386.43178   0.13000
3388.36688   0.11000
3390.30199   0.10000
3392.23709   0.12000
3394.17219   0.12000
3396.10730   0.09000
3398.04240   0.11000
3399.97750   0.12000
3401.91261   0.12000
3403.84771   0.08000
3405.78282   0.11000
3407.71792   0.13000
3409.65302   0.11000
3411.58813   0.11000
3413.52323   0.12000
3415.45834   0.09000
3417.39344   0.10000
3419.32854   0.13000
3421.26365   0.12000
3423.19875   0.10000
3425.13385   0.11000
3427.06896   0.11000
3429.00406   0.12000
3430.93917   0.11000
3432.87427   0.10000
3434.80937   0.10000
3436.74448   0.10000
3438.67958   0.11000
3440.61469   0.12000
3442.54979   0.11000
3444.48489   0.12000
3446.42000   0.10000
3448.35510   0.10000
3450.29021   0.08000
3452.22531   0.07000
3454.16041   0.08000
3456.09552   0.08000
3458.03062   0.09000
3459.96572   0.09000
3461.90083   0.09000
3463.83593   0.10000
3465.77104   0.10000
3467.70614   0.10000
3469.64124   0.11000
3471.57635   0.12000
3473.51145   0.11000
3475.44656   0.11000
3477.38166   0.11000
3479.31676   0.11000
3481.25187   0.10000
3483.18697   0.11000
3485.12207   0.10000
3487.05718   0.10000
3488.99228   0.11000
3490.92739   0.09000
3492.86249   0.07000
3494.79759   0.06000
3496.73270   0.07000
3498.66780   0.07000
3500.60291   0.08000
3502.53801   0.09000
3504.47311   0.09000
3506.40822   0.10000
3508.34332   0.12000
3510.27843   0.12000
3512.21353   0.11000
3514.14863   0.10000
3516.08374   0.10000
3518.01884   0.11000
3519.95394   0.11000
3521.88905   0.12000
3523.82415   0.11000
3525.75926   0.11000
3527.69436   0.11000
3529.62946   0.11000
3531.56457   0.11000
3533.49967   0.12000
3535.43478   0.11000
3537.36988   0.09000
3539.30498   0.10000
3541.24009   0.12000
3543.17519   0.09000
3545.11029   0.12000
3547.04540   0.11000
3548.98050   0.11000
3550.91561   0.11000
3552.85071   0.11000
3554.78581   0.10000
3556.72092   0.10000
3558.65602   0.12000
3560.59113   0.13000
3562.52623   0.14000
3564.46133   0.13000
3566.39644   0.12000
3568.33154   0.12000
3570.26665   0.08000
3572.20175   0.07000
3574.13685   0.09000
3576.07196   0.10000
3578.00706   0.09000
3579.94216   0.08000
3581.87727   0.09000
3583.81237   0.10000
3585.74748   0.12000
3587.68258   0.12000
3589.61768   0.13000
3591.55279   0.12000
3593.48789   0.11000
3595.42300   0.13000
3597.35810   0.13000
3599.29320   0.13000
3601.22831   0.14000
3603.16341   0.15000
3605.09851   0.14000
3607.03362   0.14000
3608.96872   0.14000
3610.90383   0.14000
3612.83893   0.14000
3614.77403   0.11000
3616.70914   0.11000
3618.64424   0.11000
3620.57935   0.13000
3622.51445   0.13000
3624.44955   0.13000
3626.38466   0.14000
3628.31976   0.13000
3630.25487   0.13000
3632.18997   0.12000
3634.12507   0.15000
3636.06018   0.13000
3637.99528   0.13000
3639.93038   0.14000
3641.86549   0.14000
3643.80059   0.12000
3645.73570   0.12000
3647.67080   0.14000
3649.60590   0.14000
3651.54101   0.14000
3653.47611   0.14000
3655.41122   0.14000
3657.34632   0.13000
3659.28142   0.14000
3661.21653   0.13000
3663.15163   0.13000
3665.08673   0.13000
3667.02184   0.14000
3668.95694   0.12000
3670.89205   0.11000
3672.82715   0.12000
3674.76225   0.11000
3676.69736   0.11000
3678.63246   0.12000
3680.56757   0.12000
3682.50267   0.13000
3684.43777   0.12000
3686.37288   0.11000
3688.30798   0.13000
3690.24309   0.11000
3692.17819   0.12000
3694.11329   0.11000
3696.04840   0.11000
3697.98350   0.10000
3699.91860   0.11000
3701.85371   0.12000
3703.78881   0.12000
3705.72392   0.14000
3707.65902   0.14000
3709.59412   0.15000
3711.52923   0.13000
3713.46433   0.15000
3715.39944   0.14000
3717.33454   0.13000
3719.26964   0.12000
3721.20475   0.11000
3723.13985   0.13000
3725.07496   0.14000
3727.01006   0.12000
3728.94516   0.13000
3730.88027   0.13000
3732.81537   0.12000
3734.75047   0.15000
3736.68558   0.15000
3738.62068   0.13000
3740.55579   0.13000
3742.49089   0.12000
3744.42599   0.13000
3746.36110   0.14000
3748.29620   0.15000
3750.23131   0.17000
3752.16641   0.17000
3754.10151   0.17000
3756.03662   0.18000
3757.97172   0.17000
3759.90682   0.20000
3761.84193   0.20000
3763.77703   0.17000
3765.71214   0.17000
3767.64724   0.17000
3769.58234   0.16000
3771.51745   0.17000
3773.45255   0.15000
3775.38766   0.16000
3777.32276   0.15000
3779.25786   0.14000
3781.19297   0.14000
3783.12807   0.14000
3785.06318   0.14000
3786.99828   0.13000
3788.93338   0.13000
3790.86849   0.12000
3792.80359   0.14000
3794.73869   0.12000
3796.67380   0.12000
3798.60890   0.10000
3800.54401   0.10000
3802.47911   0.11000
3804.41421   0.12000
3806.34932   0.11000
3808.28442   0.13000
3810.21953   0.12000
3812.15463   0.13000
3814.08973   0.12000
3816.02484   0.08000
3817.95994   0.08000
3819.89504   0.11000
3821.83015   0.11000
3823.76525   0.11000
3825.70036   0.12000
3827.63546   0.12000
3829.57056   0.11000
3831.50567   0.12000
3833.44077   0.14000
3835.37588   0.13000
3837.31098   0.12000
3839.24608   0.11000
3841.18119   0.11000
3843.11629   0.11000
3845.05140   0.12000
3846.98650   0.12000
3848.92160   0.11000
3850.85671   0.10000
3852.79181   0.10000
3854.72691   0.11000
3856.66202   0.11000
3858.59712   0.11000
3860.53223   0.10000
3862.46733   0.09000
3864.40243   0.08000
3866.33754   0.08000
3868.27264   0.11000
3870.20775   0.11000
3872.14285   0.12000
3874.07795   0.10000
3876.01306   0.11000
3877.94816   0.08000
3879.88326   0.10000
3881.81837   0.11000
3883.75347   0.11000
3885.68858   0.09000
3887.62368   0.11000
3889.55878   0.10000
3891.49389   0.11000
3893.42899   0.12000
3895.36410   0.12000
3897.29920   0.10000
3899.23430   0.08000
3901.16941   0.09000
3903.10451   0.10000
3905.03962   0.11000
3906.97472   0.11000
3908.90982   0.11000
3910.84493   0.10000
3912.78003   0.11000
3914.71513   0.10000
3916.65024   0.11000
3918.58534   0.11000
3920.52045   0.12000
3922.45555   0.11000
3924.39065   0.13000
3926.32576   0.11000
3928.26086   0.12000
3930.19597   0.12000
3932.13107   0.12000
3934.06617   0.13000
3936.00128   0.11000
3937.93638   0.09000
3939.87148   0.12000
3941.80659   0.12000
3943.74169   0.12000
3945.67680   0.11000
3947.61190   0.10000
3949.54700   0.10000
3951.48211   0.10000
3953.41721   0.10000
3955.35232   0.09000
3957.28742   0.10000
3959.22252   0.10000
3961.15763   0.08000
3963.09273   0.09000
3965.02784   0.09000
3966.96294   0.11000
3968.89804   0.10000
3970.83315   0.10000
3972.76825   0.09000
3974.70335   0.10000
3976.63846   0.12000
3978.57356   0.12000
3980.50867   0.11000
3982.44377   0.14000
3984.37887   0.12000
3986.31398   0.12000
3988.24908   0.12000
3990.18419   0.12000
3992.11929   0.12000
3994.05439   0.12000
3995.98950   0.11000
3997.92460   0.11000
3999.85970   0.11000
4001.79481   0.10000
4003.72991   0.10000
4005.66502   0.10000
4007.60012   0.10000
4009.53522   0.10000
4011.47033   0.09000
4013.40543   0.09000
4015.34054   0.09000
4017.27564   0.09000
4019.21074   0.08000
4021.14585   0.08000
4023.08095   0.08000
4025.01606   0.07000
4026.95116   0.07000
4028.88626   0.08000
4030.82137   0.08000
4032.75647   0.09000
4034.69157   0.10000
4036.62668   0.10000
4038.56178   0.11000
4040.49689   0.11000
4042.43199   0.11000
4044.36709   0.12000
4046.30220   0.12000
4048.23730   0.11000
4050.17241   0.11000
4052.10751   0.09000
4054.04261   0.10000
4055.97772   0.09000
4057.91282   0.12000
4059.84793   0.12000
4061.78303   0.12000
4063.71813   0.10000
4065.65324   0.10000
4067.58834   0.09000
4069.52344   0.09000
4071.45855   0.09000
4073.39365   0.09000
4075.32876   0.08000
4077.26386   0.10000
4079.19896   0.09000
4081.13407   0.06000
4083.06917   0.08000
4085.00428   0.08000
4086.93938   0.10000
4088.87448   0.09000
4090.80959   0.09000
4092.74469   0.08000
4094.67979   0.11000
4096.61490   0.11000
4098.55000   0.09000
4100.48511   0.09000
4102.42021   0.09000
4104.35531   0.09000
4106.29042   0.10000
4108.22552   0.12000
4110.16063   0.12000
4112.09573   0.11000
4114.03083   0.08000
4115.96594   0.10000
4117.90104   0.09000
4119.83615   0.09000
4121.77125   0.08000
4123.70635   0.09000
4125.64146   0.08000
4127.57656   0.09000
4129.51166   0.09000
4131.44677   0.09000
4133.38187   0.11000
4135.31698   0.10000
4137.25208   0.10000
4139.18718   0.11000
4141.12229   0.12000
4143.05739   0.11000
4144.99250   0.10000
4146.92760   0.09000
4148.86270   0.10000
4150.79781   0.09000
4152.73291   0.09000
4154.66801   0.11000
4156.60312   0.11000
4158.53822   0.12000
4160.47333   0.12000
4162.40843   0.12000
4164.34353   0.12000
4166.27864   0.11000
4168.21374   0.13000
4170.14885   0.12000
4172.08395   0.13000
4174.01905   0.12000
4175.95416   0.12000
4177.88926   0.12000
4179.82437   0.12000
4181.75947   0.10000
4183.69457   0.10000
4185.62968   0.11000
4187.56478   0.11000
4189.49988   0.12000
4191.43499   0.11000
4193.37009   0.11000
4195.30520   0.10000
4197.24030   0.08000
4199.17540   0.09000
4201.11051   0.08000
4203.04561   0.09000
4204.98072   0.09000
4206.91582   0.09000
4208.85092   0.09000
4210.78603   0.09000
4212.72113   0.09000
4214.65623   0.09000
4216.59134   0.09000
4218.52644   0.10000
4220.46155   0.10000
4222.39665   0.10000
4224.33175   0.10000
4226.26686   0.09000
4228.20196   0.09000
4230.13707   0.10000
4232.07217   0.09000
4234.00727   0.09000
4235.94238   0.08000
4237.87748   0.08000
4239.81259   0.09000
4241.74769   0.09000
4243.68279   0.10000
4245.61790   0.09000
4247.55300   0.09000
4249.48810   0.08000
4251.42321   0.09000
4253.35831   0.09000
4255.29342   0.09000
4257.22852   0.10000
4259.16362   0.09000
4261.09873   0.10000
4263.03383   0.08000
4264.96894   0.08000
4266.90404   0.10000
4268.83914   0.09000
4270.77425   0.09000
4272.70935   0.08000
4274.64445   0.09000
4276.57956   0.09000
4278.51466   0.08000
4280.44977   0.08000
4282.38487   0.09000
4284.31997   0.09000
4286.25508   0.09000
4288.19018   0.10000
4290.12529   0.09000
4292.06039   0.08000
4293.99549   0.08000
4295.93060   0.08000
4297.86570   0.08000
4299.80081   0.09000
4301.73591   0.09000
4303.67101   0.09000
4305.60612   0.09000
4307.54122   0.09000
4309.47632   0.10000
4311.41143   0.11000
4313.34653   0.08000
4315.28164   0.07000
4317.21674   0.08000
4319.15184   0.09000
4321.08695   0.08000
4323.02205   0.07000
4324.95716   0.07000
4326.89226   0.08000
4328.82736   0.08000
4330.76247   0.07000
4332.69757   0.11000
4334.63267   0.11000
4336.56778   0.11000
4338.50288   0.09000
4340.43799   0.10000
4342.37309   0.10000
4344.30819   0.10000
4346.24330   0.10000
4348.17840   0.12000
4350.11351   0.11000
4352.04861   0.10000
4353.98371   0.09000
4355.91882   0.09000
4357.85392   0.09000
4359.78903   0.10000
4361.72413   0.10000
4363.65923   0.10000
4365.59434   0.10000
4367.52944   0.10000
4369.46454   0.10000
4371.39965   0.10000
4373.33475   0.11000
4375.26986   0.09000
4377.20496   0.09000
4379.14006   0.09000
4381.07517   0.10000
4383.01027   0.10000
4384.94538   0.09000
4386.88048   0.09000
4388.81558   0.09000
4390.75069   0.09000
4392.68579   0.09000
4394.62090   0.09000
4396.55600   0.10000
4398.49110   0.09000
4400.42621   0.09000
4402.36131   0.09000
4404.29641   0.09000
4406.23152   0.09000
4408.16662   0.10000
4410.10173   0.09000
4412.03683   0.09000
4413.97193   0.09000
4415.90704   0.09000
4417.84214   0.09000
4419.77725   0.09000
4421.71235   0.09000
4423.64745   0.10000
4425.58256   0.10000
4427.51766   0.10000
4429.45276   0.11000
4431.38787   0.10000
4433.32297   0.10000
4435.25808   0.11000
4437.19318   0.11000
4439.12828   0.10000
4441.06339   0.10000
4442.99849   0.11000
4444.93360   0.11000
4446.86870   0.11000
4448.80380   0.11000
4450.73891   0.11000
4452.67401   0.11000
4454.60912   0.11000
4456.54422   0.12000
4458.47932   0.11000
4460.41443   0.11000
4462.34953   0.11000
4464.28463   0.10000
4466.21974   0.10000
4468.15484   0.11000
4470.08995   0.11000
4472.02505   0.09000
4473.96015   0.10000
4475.89526   0.09000
4477.83036   0.10000
4479.76547   0.10000
4481.70057   0.10000
4483.63567   0.10000
4485.57078   0.10000
4487.50588   0.09000
4489.44098   0.09000
4491.37609   0.09000
4493.31119   0.09000
4495.24630   0.10000
4497.18140   0.09000
4499.11650   0.09000
4501.05161   0.09000
4502.98671   0.10000
4504.92182   0.08000
4506.85692   0.10000
4508.79202   0.10000
4510.72713   0.10000
4512.66223   0.09000
4514.59734   0.10000
4516.53244   0.11000
4518.46754   0.09000
4520.40265   0.10000
4522.33775   0.10000
4524.27285   0.10000
4526.20796   0.10000
4528.14306   0.10000
4530.07817   0.10000
4532.01327   0.10000
4533.94837   0.10000
4535.88348   0.11000
4537.81858   0.11000
4539.75369   0.11000
4541.68879   0.11000
4543.62389   0.11000
4545.55900   0.11000
4547.49410   0.11000
4549.42920   0.11000
4551.36431   0.11000
4553.29941   0.11000
4555.23452   0.11000
4557.16962   0.11000
4559.10472   0.11000
4561.03983   0.11000
4562.97493   0.11000
4564.91004   0.11000
4566.84514   0.11000
4568.78024   0.11000
4570.71535   0.11000
4572.65045   0.11000
4574.58556   0.11000
4576.52066   0.11000
4578.45576   0.11000
4580.39087   0.11000
4582.32597   0.11000
4584.26107   0.11000
4586.19618   0.11000
4588.13128   0.11000
4590.06639   0.11000
4592.00149   0.11000
4593.93659   0.11000
4595.87170   0.11000
4597.80680   0.11000
4599.74191   0.11000
4601.67701   0.11000
4603.61211   0.11000
4605.54722   0.11000
4607.48232   0.11000
4609.41742   0.11000
4611.35253   0.11000
4613.28763   0.10000
4615.22274   0.10000
4617.15784   0.10000
4619.09294   0.10000
4621.02805   0.10000
4622.96315   0.10000
4624.89826   0.11000
4626.83336   0.11000
4628.76846   0.10000
4630.70357   0.10000
4632.63867   0.10000
4634.57378   0.10000
4636.50888   0.10000
4638.44398   0.10000
4640.37909   0.10000
4642.31419   0.10000
4644.24929   0.10000
4646.18440   0.10000
4648.11950   0.10000
4650.05461   0.10000
4651.98971   0.10000
4653.92481   0.10000
4655.85992   0.10000
4657.79502   0.10000
4659.73013   0.10000
4661.66523   0.10000
4663.60033   0.10000
4665.53544   0.10000
4667.47054   0.10000
4669.40564   0.10000
4671.34075   0.10000
4673.27585   0.10000
4675.21096   0.10000
4677.14606   0.10000
4679.08116   0.10000
4681.01627   0.11000
4682.95137   0.11000
4684.88648   0.10000
4686.82158   0.10000
4688.75668   0.10000
4690.69179   0.10000
4692.62689   0.10000
4694.56200   0.10000
4696.49710   0.10000
4698.43220   0.10000
4700.36731   0.10000
4702.30241   0.10000
4704.23751   0.11000
4706.17262   0.11000
4708.10772   0.10000
4710.04283   0.10000
4711.97793   0.10000
4713.91303   0.10000
4715.84814   0.11000
4717.78324   0.10000
4719.71835   0.11000
4721.65345   0.11000
4723.58855   0.11000
4725.52366   0.10000
4727.45876   0.10000
4729.39386   0.10000
4731.32897   0.11000
4733.26407   0.11000
4735.19918   0.11000
4737.13428   0.11000
4739.06938   0.10000
4741.00449   0.10000
4742.93959   0.10000
4744.87470   0.11000
4746.80980   0.11000
4748.74490   0.11000
4750.68001   0.11000
4752.61511   0.11000
4754.55022   0.10000
4756.48532   0.10000
4758.42042   0.10000
4760.35553   0.11000
4762.29063   0.11000
4764.22573   0.11000
4766.16084   0.11000
4768.09594   0.11000
4770.03105   0.11000
4771.96615   0.11000
4773.90125   0.11000
4775.83636   0.11000
4777.77146   0.10000
4779.70657   0.10000
4781.64167   0.10000
4783.57677   0.10000
4785.51188   0.10000
4787.44698   0.10000
4789.38209   0.10000
4791.31719   0.10000
4793.25229   0.10000
4795.18740   0.10000
4797.12250   0.10000
4799.05760   0.10000
4800.99271   0.11000
4802.92781   0.11000
4804.86292   0.11000
4806.79802   0.11000
4808.73312   0.11000
4810.66823   0.10000
4812.60333   0.10000
4814.53844   0.10000
4816.47354   0.11000
4818.40864   0.11000
4820.34375   0.11000
4822.27885   0.11000
4824.21395   0.11000
4826.14906   0.11000
4828.08416   0.11000
4830.01927   0.10000
4831.95437   0.10000
4833.88947   0.10000
4835.82458   0.10000
4837.75968   0.10000
4839.69479   0.10000
4841.62989   0.11000
4843.56499   0.11000
4845.50010   0.11000
4847.43520   0.11000
4849.37031   0.11000
4851.30541   0.11000
4853.24051   0.10000
4855.17562   0.10000
4857.11072   0.10000
4859.04582   0.10000
4860.98093   0.10000
4862.91603   0.10000
4864.85114   0.10000
4866.78624   0.10000
4868.72134   0.10000
4870.65645   0.10000
4872.59155   0.10000
4874.52666   0.10000
4876.46176   0.10000
4878.39686   0.10000
4880.33197   0.10000
4882.26707   0.10000
4884.20217   0.10000
4886.13728   0.10000
4888.07238   0.10000
4890.00749   0.10000
4891.94259   0.10000
4893.87769   0.10000
4895.81280   0.10000
4897.74790   0.10000
4899.68301   0.10000
4901.61811   0.10000
4903.55321   0.10000
4905.48832   0.10000
4907.42342   0.10000
4909.35853   0.10000
4911.29363   0.10000
4913.22873   0.10000
4915.16384   0.10000
4917.09894   0.10000
4919.03404   0.10000
4920.96915   0.10000
4922.90425   0.10000
4924.83936   0.10000
4926.77446   0.10000
4928.70956   0.10000
4930.64467   0.10000
4932.57977   0.10000
4934.51488   0.10000
4936.44998   0.10000
4938.38508   0.10000
4940.32019   0.10000
4942.25529   0.10000
4944.19039   0.10000
4946.12550   0.10000
4948.06060   0.10000
4949.99571   0.10000
4951.93081   0.10000
4953.86591   0.10000
4955.80102   0.10000
4957.73612   0.10000
4959.67123   0.10000
4961.60633   0.10000
4963.54143   0.10000
4965.47654   0.10000
4967.41164   0.10000
4969.34675   0.10000
4971.28185   0.10000
4973.21695   0.10000
4975.15206   0.10000
4977.08716   0.10000
4979.02226   0.10000
4980.95737   0.10000
4982.89247   0.10000
4984.82758   0.10000
4986.76268   0.10000
4988.69778   0.10000
4990.63289   0.10000
4992.56799   0.10000
4994.50310   0.10000
4996.43820   0.10000
4998.37330   0.10000
5000.30841   0.10000
5002.24351   0.10000
5004.17861   0.10000
5006.11372   0.10000
5008.04882   0.10000
5009.98393   0.10000
5011.91903   0.10000
5013.85413   0.10000
5015.78924   0.10000
5017.72434   0.10000
5019.65945   0.10000
5021.59455   0.11000
5023.52965   0.11000
5025.46476   0.11000
5027.39986   0.11000
5029.33497   0.11000
5031.27007   0.11000
5033.20517   0.11000
5035.14028   0.11000
5037.07538   0.10000
5039.01048   0.11000
5040.94559   0.11000
5042.88069   0.10000
5044.81580   0.10000
5046.75090   0.10000
5048.68600   0.10000
5050.62111   0.10000
5052.55621   0.10000
5054.49132   0.10000
5056.42642   0.10000
5058.36152   0.10000
5060.29663   0.10000
5062.23173   0.10000
5064.16683   0.10000
5066.10194   0.10000
5068.03704   0.10000
5069.97215   0.10000
5071.90725   0.10000
5073.84235   0.10000
5075.77746   0.10000
5077.71256   0.10000
5079.64767   0.10000
5081.58277   0.10000
5083.51787   0.10000
5085.45298   0.10000
5087.38808   0.10000
5089.32319   0.10000
5091.25829   0.10000
5093.19339   0.10000
5095.12850   0.10000
5097.06360   0.10000
5098.99870   0.10000
5100.93381   0.10000
5102.86891   0.10000
5104.80402   0.10000
5106.73912   0.10000
5108.67422   0.10000
5110.60933   0.10000
5112.54443   0.10000
5114.47954   0.10000
5116.41464   0.10000
5118.34974   0.10000
5120.28485   0.10000
5122.21995   0.10000
5124.15506   0.10000
5126.09016   0.10000
5128.02526   0.10000
5129.96037   0.10000
5131.89547   0.10000
5133.83057   0.10000
5135.76568   0.10000
5137.70078   0.10000
5139.63589   0.10000
5141.57099   0.10000
5143.50609   0.10000
5145.44120   0.10000
5147.37630   0.10000
5149.31141   0.10000
5151.24651   0.10000
5153.18161   0.10000
5155.11672   0.10000
5157.05182   0.10000
5158.98692   0.10000
5160.92203   0.10000
5162.85713   0.10000
5164.79224   0.10000
5166.72734   0.10000
5168.66244   0.10000
5170.59755   0.10000
5172.53265   0.10000
5174.46776   0.10000
5176.40286   0.10000
5178.33796   0.10000
5180.27307   0.10000
5182.20817   0.10000
5184.14328   0.10000
5186.07838   0.10000
5188.01348   0.10000
5189.94859   0.10000
5191.88369   0.10000
5193.81879   0.10000
5195.75390   0.10000
5197.68900   0.10000
5199.62411   0.10000
5201.55921   0.10000
5203.49431   0.10000
5205.42942   0.10000
5207.36452   0.10000
5209.29963   0.10000
5211.23473   0.10000
5213.16983   0.10000
5215.10494   0.10000
5217.04004   0.10000
5218.97514   0.10000
5220.91025   0.10000
5222.84535   0.10000
5224.78046   0.10000
5226.71556   0.10000
5228.65066   0.10000
5230.58577   0.10000
5232.52087   0.10000
5234.45598   0.10000
5236.39108   0.10000
5238.32618   0.10000
5240.26129   0.10000
5242.19639   0.10000
5244.13150   0.10000
5246.06660   0.10000
5248.00170   0.10000
5249.93681   0.10000
5251.87191   0.10000
5253.80701   0.10000
5255.74212   0.10000
5257.67722   0.10000
5259.61233   0.10000
5261.54743   0.10000
5263.48253   0.10000
5265.41764   0.10000
5267.35274   0.10000
5269.28785   0.10000
5271.22295   0.10000
5273.15805   0.10000
5275.09316   0.10000
5277.02826   0.10000
5278.96336   0.10000
5280.89847   0.10000
5282.83357   0.10000
5284.76868   0.10000
5286.70378   0.10000
5288.63888   0.10000
5290.57399   0.10000
5292.50909   0.10000
5294.44420   0.10000
5296.37930   0.10000
5298.31440   0.10000
5300.24951   0.10000
5302.18461   0.10000
5304.11972   0.10000
5306.05482   0.10000
5307.98992   0.10000
5309.92503   0.10000
5311.86013   0.10000
5313.79523   0.10000
5315.73034   0.10000
5317.66544   0.10000
5319.60055   0.10000
5321.53565   0.10000
5323.47075   0.10000
5325.40586   0.10000
5327.34096   0.10000
5329.27607   0.10000
5331.21117   0.10000
5333.14627   0.10000
5335.08138   0.10000
5337.01648   0.10000
5338.95158   0.10000
5340.88669   0.10000
5342.82179   0.10000
5344.75690   0.10000
5346.69200   0.10000
5348.62710   0.10000
5350.56221   0.10000
5352.49731   0.10000
5354.43242   0.10000
5356.36752   0.10000
5358.30262   0.10000
5360.23773   0.10000
5362.17283   0.10000
5364.10794   0.10000
5366.04304   0.10000
5367.97814   0.10000
5369.91325   0.10000
5371.84835   0.10000
5373.78345   0.10000
5375.71856   0.10000
5377.65366   0.10000
5379.58877   0.10000
5381.52387   0.10000
5383.45897   0.10000
5385.39408   0.10000
5387.32918   0.10000
5389.26429   0.10000
5391.19939   0.10000
5393.13449   0.10000
5395.06960   0.10000
5397.00470   0.10000
5398.93980   0.10000
5400.87491   0.10000
5402.81001   0.10000
5404.74512   0.10000
5406.68022   0.10000
5408.61532   0.10000
5410.55043   0.10000
5412.48553   0.10000
5414.42064   0.10000
5416.35574   0.10000
5418.29084   0.10000
5420.22595   0.10000
5422.16105   0.10000
5424.09616   0.10000
5426.03126   0.10000
5427.96636   0.10000
5429.90147   0.10000
5431.83657   0.10000
5433.77167   0.10000
5435.70678   0.10000
5437.64188   0.10000
5439.57699   0.10000
5441.51209   0.10000
5443.44719   0.10000
5445.38230   0.10000
5447.31740   0.10000
5449.25251   0.10000
5451.18761   0.10000
5453.12271   0.10000
5455.05782   0.10000
5456.99292   0.10000
5458.92803   0.10000
5460.86313   0.10000
5462.79823   0.10000
5464.73334   0.10000
5466.66844   0.10000
5468.60354   0.10000
5470.53865   0.10000
5472.47375   0.10000
5474.40886   0.10000
5476.34396   0.10000
5478.27906   0.10000
5480.21417   0.10000
5482.14927   0.10000
5484.08438   0.10000
5486.01948   0.10000
5487.95458   0.10000
5489.88969   0.10000
5491.82479   0.10000
5493.75989   0.10000
5495.69500   0.10000
5497.63010   0.10000
5499.56521   0.10000
5501.50031   0.10000
5503.43541   0.10000
5505.37052   0.10000
5507.30562   0.10000
5509.24073   0.10000
5511.17583   0.10000
5513.11093   0.10000
5515.04604   0.10000
5516.98114   0.10000
5518.91625   0.10000
5520.85135   0.10000
5522.78645   0.10000
5524.72156   0.10000
5526.65666   0.10000
5528.59176   0.10000
5530.52687   0.10000
5532.46197   0.10000
5534.39708   0.10000
5536.33218   0.10000
5538.26728   0.10000
5540.20239   0.10000
5542.13749   0.10000
5544.07260   0.10000
5546.00770   0.10000
5547.94280   0.10000
5549.87791   0.10000
5551.81301   0.10000
5553.74811   0.10000
5555.68322   0.10000
5557.61832   0.10000
5559.55343   0.10000
5561.48853   0.10000
5563.42363   0.10000
5565.35874   0.10000
5567.29384   0.10000
5569.22895   0.10000
5571.16405   0.10000
5573.09915   0.10000
5575.03426   0.10000
5576.96936   0.10000
5578.90447   0.10000
5580.83957   0.10000
5582.77467   0.10000
5584.70978   0.10000
5586.64488   0.10000
5588.57998   0.10000
5590.51509   0.10000
5592.45019   0.10000
5594.38530   0.10000
5596.32040   0.10000
5598.25550   0.10000
5600.19061   0.10000
5602.12571   0.10000
5604.06082   0.10000
5605.99592   0.10000
5607.93102   0.10000
5609.86613   0.10000
5611.80123   0.10000
5613.73633   0.10000
5615.67144   0.10000
5617.60654   0.10000
5619.54165   0.10000
5621.47675   0.10000
5623.41185   0.10000
5625.34696   0.10000
5627.28206   0.10000
5629.21717   0.10000
5631.15227   0.10000
5633.08737   0.10000
5635.02248   0.10000
5636.95758   0.10000
5638.89269   0.10000
5640.82779   0.10000
5642.76289   0.10000
5644.69800   0.10000
5646.63310   0.10000
5648.56820   0.10000
5650.50331   0.10000
5652.43841   0.10000
5654.37352   0.10000
5656.30862   0.10000
5658.24372   0.10000
5660.17883   0.10000
5662.11393   0.10000
5664.04904   0.10000
5665.98414   0.10000
5667.91924   0.10000
5669.85435   0.10000
5671.78945   0.10000
5673.72455   0.10000
5675.65966   0.10000
5677.59476   0.10000
5679.52987   0.10000
5681.46497   0.10000
5683.40007   0.10000
5685.33518   0.10000
5687.27028   0.10000
5689.20539   0.10000
5691.14049   0.10000
5693.07559   0.10000
5695.01070   0.10000
5696.94580   0.10000
5698.88091   0.10000
5700.81601   0.10000
5702.75111   0.10000
5704.68622   0.10000
5706.62132   0.10000
5708.55642   0.10000
5710.49153   0.10000
5712.42663   0.10000
5714.36174   0.10000
5716.29684   0.10000
5718.23194   0.10000
5720.16705   0.10000
5722.10215   0.10000
5724.03726   0.10000
5725.97236   0.10000
5727.90746   0.10000
5729.84257   0.10000
5731.77767   0.10000
5733.71277   0.10000
5735.64788   0.10000
5737.58298   0.10000
5739.51809   0.10000
5741.45319   0.10000
5743.38829   0.10000
5745.32340   0.10000
5747.25850   0.10000
5749.19361   0.10000
5751.12871   0.10000
5753.06381   0.10000
5754.99892   0.10000
5756.93402   0.10000
5758.86913   0.10000
5760.80423   0.10000
5762.73933   0.10000
5764.67444   0.10000
5766.60954   0.10000
5768.54464   0.10000
5770.47975   0.10000
5772.41485   0.10000
5774.34996   0.10000
5776.28506   0.10000
5778.22016   0.10000
5780.15527   0.10000
5782.09037   0.10000
5784.02548   0.10000
5785.96058   0.10000
5787.89568   0.10000
5789.83079   0.10000
5791.76589   0.10000
5793.70100   0.10000
5795.63610   0.10000
5797.57120   0.10000
5799.50631   0.10000
5801.44141   0.10000
5803.37651   0.10000
