 0.00000   1.00000
 0.96755   1.00000
 1.93510   1.00000
 2.90266   1.00000
 3.87021   1.00000
 4.83776   1.00000
 5.80531   1.00000
 6.77286   1.00000
 7.74042   1.00000
 8.70797   1.00000
 9.67552   1.00000
10.64307   1.00000
11.61062   1.00000
12.57818   0.99000
13.54573   0.92000
14.51328   0.86000
15.48083   0.82000
16.44838   0.79000
17.41593   0.78000
18.38349   0.78000
19.35104   0.78000
20.31859   0.74000
21.28614   0.74000
22.25369   0.73000
23.22125   0.72000
24.18880   0.70000
25.15635   0.70000
26.12390   0.68000
27.09145   0.68000
28.05901   0.68000
29.02656   0.68000
29.99411   0.67000
30.96166   0.66000
31.92921   0.66000
32.89677   0.66000
33.86432   0.65000
34.83187   0.63000
35.79942   0.61000
36.76697   0.54000
37.73453   0.51000
38.70208   0.45000
39.66963   0.44000
40.63718   0.43000
41.60473   0.42000
42.57229   0.42000
43.53984   0.42000
44.50739   0.42000
45.47494   0.42000
46.44249   0.42000
47.41004   0.41000
48.37760   0.41000
49.34515   0.41000
50.31270   0.41000
51.28025   0.41000
52.24780   0.41000
53.21536   0.41000
54.18291   0.41000
55.15046   0.38000
56.11801   0.38000
57.08556   0.38000
58.05312   0.35000
59.02067   0.33000
59.98822   0.32000
60.95577   0.28000
61.92332   0.27000
62.89088   0.26000
63.85843   0.26000
64.82598   0.26000
65.79353   0.26000
66.76108   0.26000
67.72864   0.25000
68.69619   0.24000
69.66374   0.24000
70.63129   0.23000
71.59884   0.23000
72.56640   0.23000
73.53395   0.23000
74.50150   0.23000
75.46905   0.23000
76.43660   0.23000
77.40415   0.23000
78.37171   0.23000
79.33926   0.23000
80.30681   0.23000
81.27436   0.23000
82.24191   0.22000
83.20947   0.19000
84.17702   0.18000
85.14457   0.15000
86.11212   0.16000
87.07967   0.16000
88.04723   0.16000
89.01478   0.16000
89.98233   0.16000
90.94988   0.16000
91.91743   0.16000
92.88499   0.16000
93.85254   0.16000
94.82009   0.16000
95.78764   0.16000
96.75519   0.16000
97.72275   0.16000
98.69030   0.16000
99.65785   0.16000
100.62540   0.16000
101.59295   0.16000
102.56051   0.16000
103.52806   0.16000
104.49561   0.16000
105.46316   0.15000
106.43071   0.14000
107.39826   0.15000
108.36582   0.13000
109.33337   0.11000
110.30092   0.12000
111.26847   0.11000
112.23602   0.11000
113.20358   0.11000
114.17113   0.11000
115.13868   0.11000
116.10623   0.11000
117.07378   0.11000
118.04134   0.11000
119.00889   0.11000
119.97644   0.11000
120.94399   0.11000
121.91154   0.11000
122.87910   0.11000
123.84665   0.11000
124.81420   0.11000
125.78175   0.11000
126.74930   0.11000
127.71686   0.11000
128.68441   0.10000
129.65196   0.08000
130.61951   0.08000
131.58706   0.08000
132.55462   0.08000
133.52217   0.08000
134.48972   0.08000
135.45727   0.08000
136.42482   0.08000
137.39237   0.08000
138.35993   0.08000
139.32748   0.08000
140.29503   0.08000
141.26258   0.08000
142.23013   0.08000
143.19769   0.08000
144.16524   0.08000
145.13279   0.08000
146.10034   0.08000
147.06789   0.08000
148.03545   0.08000
149.00300   0.08000
149.97055   0.08000
150.93810   0.06000
151.90565   0.07000
152.87321   0.07000
153.84076   0.07000
154.80831   0.07000
155.77586   0.07000
156.74341   0.07000
157.71097   0.07000
158.67852   0.07000
159.64607   0.07000
160.61362   0.07000
161.58117   0.07000
162.54873   0.07000
163.51628   0.07000
164.48383   0.07000
165.45138   0.07000
166.41893   0.07000
167.38648   0.07000
168.35404   0.07000
169.32159   0.07000
170.28914   0.07000
171.25669   0.07000
172.22424   0.07000
173.19180   0.07000
174.15935   0.07000
175.12690   0.07000
176.09445   0.07000
177.06200   0.06000
178.02956   0.06000
178.99711   0.06000
179.96466   0.06000
180.93221   0.06000
181.89976   0.06000
182.86732   0.06000
183.83487   0.06000
184.80242   0.06000
185.76997   0.06000
186.73752   0.06000
187.70508   0.06000
188.67263   0.06000
189.64018   0.06000
190.60773   0.06000
191.57528   0.06000
192.54284   0.06000
193.51039   0.06000
194.47794   0.06000
195.44549   0.06000
196.41304   0.06000
197.38060   0.05000
198.34815   0.05000
199.31570   0.05000
200.28325   0.04000
201.25080   0.04000
202.21835   0.04000
203.18591   0.04000
204.15346   0.04000
205.12101   0.04000
206.08856   0.04000
207.05611   0.04000
208.02367   0.04000
208.99122   0.04000
209.95877   0.04000
210.92632   0.04000
211.89387   0.04000
212.86143   0.04000
213.82898   0.04000
214.79653   0.04000
215.76408   0.03000
216.73163   0.03000
217.69919   0.03000
218.66674   0.03000
219.63429   0.03000
220.60184   0.03000
221.56939   0.03000
222.53695   0.03000
223.50450   0.03000
224.47205   0.03000
225.43960   0.03000
226.40715   0.03000
227.37471   0.03000
228.34226   0.03000
229.30981   0.03000
230.27736   0.03000
231.24491   0.03000
232.21246   0.03000
233.18002   0.03000
234.14757   0.03000
235.11512   0.03000
236.08267   0.03000
237.05022   0.03000
238.01778   0.03000
238.98533   0.03000
239.95288   0.03000
240.92043   0.03000
241.88798   0.03000
242.85554   0.03000
243.82309   0.03000
244.79064   0.03000
245.75819   0.03000
246.72574   0.03000
247.69330   0.03000
248.66085   0.03000
249.62840   0.03000
250.59595   0.03000
251.56350   0.03000
252.53106   0.03000
253.49861   0.03000
254.46616   0.03000
255.43371   0.03000
256.40126   0.03000
257.36882   0.03000
258.33637   0.03000
259.30392   0.03000
260.27147   0.03000
261.23902   0.03000
262.20657   0.03000
263.17413   0.03000
264.14168   0.03000
265.10923   0.03000
266.07678   0.02000
267.04433   0.02000
268.01189   0.02000
268.97944   0.02000
269.94699   0.02000
270.91454   0.02000
271.88209   0.02000
272.84965   0.02000
273.81720   0.02000
274.78475   0.02000
275.75230   0.02000
276.71985   0.02000
277.68741   0.02000
278.65496   0.02000
279.62251   0.02000
280.59006   0.02000
281.55761   0.02000
282.52517   0.02000
283.49272   0.01000
284.46027   0.01000
285.42782   0.02000
286.39537   0.02000
287.36293   0.02000
288.33048   0.02000
289.29803   0.02000
290.26558   0.02000
291.23313   0.01000
292.20068   0.01000
293.16824   0.01000
294.13579   0.01000
295.10334   0.01000
296.07089   0.01000
297.03844   0.01000
298.00600   0.01000
298.97355   0.01000
299.94110   0.01000
300.90865   0.01000
301.87620   0.01000
302.84376   0.01000
303.81131   0.01000
304.77886   0.01000
305.74641   0.01000
306.71396   0.01000
307.68152   0.01000
308.64907   0.01000
309.61662   0.01000
310.58417   0.01000
311.55172   0.01000
312.51928   0.01000
313.48683   0.01000
314.45438   0.01000
315.42193   0.01000
316.38948   0.01000
317.35704   0.01000
318.32459   0.01000
319.29214   0.01000
320.25969   0.01000
321.22724   0.01000
322.19479   0.01000
323.16235   0.01000
324.12990   0.01000
325.09745   0.01000
326.06500   0.01000
327.03255   0.01000
328.00011   0.01000
328.96766   0.01000
329.93521   0.01000
330.90276   0.01000
331.87031   0.01000
332.83787   0.01000
333.80542   0.01000
334.77297   0.01000
335.74052   0.01000
336.70807   0.01000
337.67563   0.01000
338.64318   0.01000
339.61073   0.01000
340.57828   0.01000
341.54583   0.01000
342.51339   0.01000
343.48094   0.01000
344.44849   0.01000
345.41604   0.01000
346.38359   0.01000
347.35115   0.01000
348.31870   0.01000
349.28625   0.01000
350.25380   0.01000
351.22135   0.01000
352.18890   0.01000
353.15646   0.01000
354.12401   0.01000
355.09156   0.01000
356.05911   0.01000
357.02666   0.01000
357.99422   0.01000
358.96177   0.01000
359.92932   0.01000
360.89687   0.01000
361.86442   0.01000
362.83198   0.01000
363.79953   0.01000
364.76708   0.01000
365.73463   0.01000
366.70218   0.01000
367.66974   0.01000
368.63729   0.01000
369.60484   0.01000
370.57239   0.01000
371.53994   0.01000
372.50750   0.01000
373.47505   0.01000
374.44260   0.01000
375.41015   0.01000
376.37770   0.01000
377.34526   0.01000
378.31281   0.01000
379.28036   0.01000
380.24791   0.01000
381.21546   0.01000
382.18301   0.01000
383.15057   0.01000
384.11812   0.01000
385.08567   0.01000
386.05322   0.01000
