#Time (fs) #S2 Pop 	 #S1 pop         #S0 population
 0.00000   1.00000	 0.00000	 0.00000
 0.96755   1.00000	 0.00000	 0.00000
 1.93510   1.00000	 0.00000	 0.00000
 2.90266   1.00000	 0.00000	 0.00000
 3.87021   1.00000	 0.00000	 0.00000
 4.83776   1.00000	 0.00000	 0.00000
 5.80531   1.00000	 0.00000	 0.00000
 6.77286   0.97619	 0.02381	 0.00000
 7.74042   0.97619	 0.02381	 0.00000
 8.70797   1.00000	 0.00000	 0.00000
 9.67552   1.00000	 0.00000	 0.00000
10.64307   1.00000	 0.00000	 0.00000
11.61062   1.00000	 0.00000	 0.00000
12.57818   1.00000	 0.00000	 0.00000
13.54573   1.00000	 0.00000	 0.00000
14.51328   1.00000	 0.00000	 0.00000
15.48083   1.00000	 0.00000	 0.00000
16.44838   1.00000	 0.00000	 0.00000
17.41593   1.00000	 0.00000	 0.00000
18.38349   0.97619	 0.02381	 0.00000
19.35104   1.00000	 0.00000	 0.00000
20.31859   1.00000	 0.00000	 0.00000
21.28614   1.00000	 0.00000	 0.00000
22.25369   1.00000	 0.00000	 0.00000
23.22125   1.00000	 0.00000	 0.00000
24.18880   1.00000	 0.00000	 0.00000
25.15635   1.00000	 0.00000	 0.00000
26.12390   1.00000	 0.00000	 0.00000
27.09145   1.00000	 0.00000	 0.00000
28.05901   1.00000	 0.00000	 0.00000
29.02656   1.00000	 0.00000	 0.00000
29.99411   1.00000	 0.00000	 0.00000
30.96166   1.00000	 0.00000	 0.00000
31.92921   1.00000	 0.00000	 0.00000
32.89677   1.00000	 0.00000	 0.00000
33.86432   1.00000	 0.00000	 0.00000
34.83187   1.00000	 0.00000	 0.00000
35.79942   1.00000	 0.00000	 0.00000
36.76697   1.00000	 0.00000	 0.00000
37.73453   1.00000	 0.00000	 0.00000
38.70208   1.00000	 0.00000	 0.00000
39.66963   1.00000	 0.00000	 0.00000
40.63718   1.00000	 0.00000	 0.00000
41.60473   1.00000	 0.00000	 0.00000
42.57229   1.00000	 0.00000	 0.00000
43.53984   0.97619	 0.02381	 0.00000
44.50739   0.97619	 0.02381	 0.00000
45.47494   0.97619	 0.02381	 0.00000
46.44249   0.97619	 0.02381	 0.00000
47.41004   0.97619	 0.02381	 0.00000
48.37760   0.97619	 0.02381	 0.00000
49.34515   0.97619	 0.02381	 0.00000
50.31270   0.97619	 0.02381	 0.00000
51.28025   0.97619	 0.02381	 0.00000
52.24780   0.97619	 0.02381	 0.00000
53.21536   0.97619	 0.02381	 0.00000
54.18291   0.97619	 0.02381	 0.00000
55.15046   0.97619	 0.02381	 0.00000
56.11801   0.97619	 0.02381	 0.00000
57.08556   0.97619	 0.02381	 0.00000
58.05312   0.97619	 0.02381	 0.00000
59.02067   0.97619	 0.02381	 0.00000
59.98822   0.97619	 0.02381	 0.00000
60.95577   0.97619	 0.02381	 0.00000
61.92332   0.97619	 0.02381	 0.00000
62.89088   0.97619	 0.00000	 0.02381
63.85843   0.97619	 0.00000	 0.02381
64.82598   0.97619	 0.00000	 0.02381
65.79353   0.97619	 0.00000	 0.02381
66.76108   0.97619	 0.00000	 0.02381
67.72864   0.97619	 0.00000	 0.02381
68.69619   0.97619	 0.00000	 0.02381
69.66374   0.97619	 0.00000	 0.02381
70.63129   0.97619	 0.00000	 0.02381
71.59884   0.97619	 0.00000	 0.02381
72.56640   0.97619	 0.00000	 0.02381
73.53395   0.97619	 0.00000	 0.02381
74.50150   0.97619	 0.00000	 0.02381
75.46905   0.97619	 0.00000	 0.02381
76.43660   0.97619	 0.00000	 0.02381
77.40415   0.97619	 0.00000	 0.02381
78.37171   0.97619	 0.00000	 0.02381
79.33926   0.97619	 0.00000	 0.02381
80.30681   0.97619	 0.00000	 0.02381
81.27436   0.97619	 0.00000	 0.02381
82.24191   0.97619	 0.00000	 0.02381
83.20947   0.97619	 0.00000	 0.02381
84.17702   0.97619	 0.00000	 0.02381
85.14457   0.97619	 0.00000	 0.02381
86.11212   0.97619	 0.00000	 0.02381
87.07967   0.97619	 0.00000	 0.02381
88.04723   0.97619	 0.00000	 0.02381
89.01478   0.97619	 0.00000	 0.02381
89.98233   0.97619	 0.00000	 0.02381
90.94988   0.97619	 0.00000	 0.02381
91.91743   0.97619	 0.00000	 0.02381
92.88499   0.97619	 0.00000	 0.02381
93.85254   0.95238	 0.00000	 0.04762
94.82009   0.95238	 0.00000	 0.04762
95.78764   0.95238	 0.00000	 0.04762
96.75519   0.95238	 0.00000	 0.04762
97.72275   0.95238	 0.00000	 0.04762
98.69030   0.95238	 0.00000	 0.04762
99.65785   0.95238	 0.00000	 0.04762
100.62540   0.95238	  0.00000	  0.04762
101.59295   0.95238	  0.00000	  0.04762
102.56051   0.95238	  0.00000	  0.04762
103.52806   0.95238	  0.00000	  0.04762
104.49561   0.95238	  0.00000	  0.04762
105.46316   0.95238	  0.00000	  0.04762
106.43071   0.95238	  0.00000	  0.04762
107.39826   0.95238	  0.00000	  0.04762
108.36582   0.95238	  0.00000	  0.04762
109.33337   0.95238	  0.00000	  0.04762
110.30092   0.95238	  0.00000	  0.04762
111.26847   0.95238	  0.00000	  0.04762
112.23602   0.95238	  0.00000	  0.04762
113.20358   0.95238	  0.00000	  0.04762
114.17113   0.95238	  0.00000	  0.04762
115.13868   0.95238	  0.00000	  0.04762
116.10623   0.95238	  0.00000	  0.04762
117.07378   0.95238	  0.00000	  0.04762
118.04134   0.95238	  0.00000	  0.04762
119.00889   0.95238	  0.00000	  0.04762
119.97644   0.95238	  0.00000	  0.04762
120.94399   0.95238	  0.00000	  0.04762
121.91154   0.95238	  0.00000	  0.04762
122.87910   0.95238	  0.00000	  0.04762
123.84665   0.95238	  0.00000	  0.04762
124.81420   0.95238	  0.00000	  0.04762
125.78175   0.95238	  0.00000	  0.04762
126.74930   0.95238	  0.00000	  0.04762
127.71686   0.95238	  0.00000	  0.04762
128.68441   0.95238	  0.00000	  0.04762
129.65196   0.92857	  0.02381	  0.04762
130.61951   0.92857	  0.02381	  0.04762
131.58706   0.92857	  0.02381	  0.04762
132.55462   0.92857	  0.02381	  0.04762
133.52217   0.92857	  0.02381	  0.04762
134.48972   0.92857	  0.02381	  0.04762
135.45727   0.92857	  0.02381	  0.04762
136.42482   0.92857	  0.02381	  0.04762
137.39237   0.92857	  0.02381	  0.04762
138.35993   0.92857	  0.02381	  0.04762
139.32748   0.90476	  0.02381	  0.07143
140.29503   0.90476	  0.02381	  0.07143
141.26258   0.90476	  0.02381	  0.07143
142.23013   0.90476	  0.02381	  0.07143
143.19769   0.90476	  0.02381	  0.07143
144.16524   0.90476	  0.02381	  0.07143
145.13279   0.90476	  0.02381	  0.07143
146.10034   0.90476	  0.02381	  0.07143
147.06789   0.90476	  0.02381	  0.07143
148.03545   0.90476	  0.02381	  0.07143
149.00300   0.90476	  0.02381	  0.07143
149.97055   0.90476	  0.02381	  0.07143
150.93810   0.90476	  0.02381	  0.07143
151.90565   0.90476	  0.02381	  0.07143
152.87321   0.90476	  0.02381	  0.07143
153.84076   0.90476	  0.02381	  0.07143
154.80831   0.90476	  0.02381	  0.07143
155.77586   0.90476	  0.02381	  0.07143
156.74341   0.90476	  0.02381	  0.07143
157.71097   0.92857	  0.00000	  0.07143
158.67852   0.92857	  0.00000	  0.07143
159.64607   0.92857	  0.00000	  0.07143
160.61362   0.90476	  0.02381	  0.07143
161.58117   0.85714	  0.07143	  0.07143
162.54873   0.85714	  0.07143	  0.07143
163.51628   0.85714	  0.07143	  0.07143
164.48383   0.85714	  0.04762	  0.09524
165.45138   0.85714	  0.04762	  0.09524
166.41893   0.85714	  0.07143	  0.07143
167.38648   0.85714	  0.04762	  0.09524
168.35404   0.85714	  0.07143	  0.07143
169.32159   0.85714	  0.07143	  0.07143
170.28914   0.85714	  0.07143	  0.07143
171.25669   0.85714	  0.07143	  0.07143
172.22424   0.85714	  0.07143	  0.07143
173.19180   0.85714	  0.07143	  0.07143
174.15935   0.85714	  0.07143	  0.07143
175.12690   0.85714	  0.07143	  0.07143
176.09445   0.85714	  0.07143	  0.07143
177.06200   0.85714	  0.07143	  0.07143
178.02956   0.83333	  0.07143	  0.09524
178.99711   0.83333	  0.07143	  0.09524
179.96466   0.83333	  0.07143	  0.09524
180.93221   0.83333	  0.07143	  0.09524
181.89976   0.83333	  0.07143	  0.09524
182.86732   0.83333	  0.07143	  0.09524
183.83487   0.83333	  0.07143	  0.09524
184.80242   0.83333	  0.07143	  0.09524
185.76997   0.83333	  0.04762	  0.11905
186.73752   0.83333	  0.04762	  0.11905
187.70508   0.83333	  0.04762	  0.11905
188.67263   0.83333	  0.04762	  0.11905
189.64018   0.83333	  0.04762	  0.11905
190.60773   0.83333	  0.04762	  0.11905
191.57528   0.83333	  0.02381	  0.14286
192.54284   0.83333	  0.02381	  0.14286
193.51039   0.83333	  0.02381	  0.14286
194.47794   0.83333	  0.02381	  0.14286
195.44549   0.83333	  0.02381	  0.14286
196.41304   0.83333	  0.02381	  0.14286
197.38060   0.80952	  0.04762	  0.14286
198.34815   0.80952	  0.04762	  0.14286
199.31570   0.80952	  0.04762	  0.14286
200.28325   0.80952	  0.04762	  0.14286
201.25080   0.80952	  0.04762	  0.14286
202.21835   0.80952	  0.04762	  0.14286
203.18591   0.80952	  0.04762	  0.14286
204.15346   0.80952	  0.04762	  0.14286
205.12101   0.80952	  0.07143	  0.11905
206.08856   0.80952	  0.07143	  0.11905
207.05611   0.80952	  0.07143	  0.11905
208.02367   0.80952	  0.07143	  0.11905
208.99122   0.80952	  0.07143	  0.11905
209.95877   0.80952	  0.07143	  0.11905
210.92632   0.80952	  0.07143	  0.11905
211.89387   0.80952	  0.07143	  0.11905
212.86143   0.80952	  0.07143	  0.11905
213.82898   0.80952	  0.07143	  0.11905
214.79653   0.80952	  0.07143	  0.11905
215.76408   0.78571	  0.09524	  0.11905
216.73163   0.78571	  0.09524	  0.11905
217.69919   0.78571	  0.07143	  0.14286
218.66674   0.78571	  0.07143	  0.14286
219.63429   0.78571	  0.09524	  0.11905
220.60184   0.78571	  0.09524	  0.11905
221.56939   0.76190	  0.11905	  0.11905
222.53695   0.76190	  0.11905	  0.11905
223.50450   0.76190	  0.11905	  0.11905
224.47205   0.76190	  0.11905	  0.11905
225.43960   0.76190	  0.11905	  0.11905
226.40715   0.76190	  0.09524	  0.14286
227.37471   0.76190	  0.09524	  0.14286
228.34226   0.76190	  0.09524	  0.14286
229.30981   0.76190	  0.09524	  0.14286
230.27736   0.76190	  0.09524	  0.14286
231.24491   0.76190	  0.09524	  0.14286
232.21246   0.76190	  0.09524	  0.14286
233.18002   0.76190	  0.09524	  0.14286
234.14757   0.76190	  0.09524	  0.14286
235.11512   0.76190	  0.09524	  0.14286
236.08267   0.76190	  0.09524	  0.14286
237.05022   0.76190	  0.09524	  0.14286
238.01778   0.76190	  0.09524	  0.14286
238.98533   0.76190	  0.09524	  0.14286
239.95288   0.76190	  0.09524	  0.14286
240.92043   0.76190	  0.09524	  0.14286
241.88798   0.76190	  0.09524	  0.14286
242.85554   0.76190	  0.09524	  0.14286
243.82309   0.76190	  0.09524	  0.14286
244.79064   0.76190	  0.09524	  0.14286
245.75819   0.76190	  0.09524	  0.14286
246.72574   0.76190	  0.09524	  0.14286
247.69330   0.76190	  0.09524	  0.14286
248.66085   0.76190	  0.09524	  0.14286
249.62840   0.76190	  0.09524	  0.14286
250.59595   0.76190	  0.09524	  0.14286
251.56350   0.76190	  0.09524	  0.14286
252.53106   0.76190	  0.09524	  0.14286
253.49861   0.76190	  0.09524	  0.14286
254.46616   0.76190	  0.09524	  0.14286
255.43371   0.76190	  0.09524	  0.14286
256.40126   0.76190	  0.09524	  0.14286
257.36882   0.76190	  0.09524	  0.14286
258.33637   0.76190	  0.09524	  0.14286
259.30392   0.76190	  0.07143	  0.16667
260.27147   0.73810	  0.09524	  0.16667
261.23902   0.73810	  0.09524	  0.16667
262.20657   0.73810	  0.07143	  0.19048
263.17413   0.73810	  0.09524	  0.16667
264.14168   0.73810	  0.09524	  0.16667
265.10923   0.73810	  0.09524	  0.16667
266.07678   0.73810	  0.09524	  0.16667
267.04433   0.71429	  0.11905	  0.16667
268.01189   0.71429	  0.11905	  0.16667
268.97944   0.71429	  0.11905	  0.16667
269.94699   0.71429	  0.11905	  0.16667
270.91454   0.71429	  0.11905	  0.16667
271.88209   0.71429	  0.11905	  0.16667
272.84965   0.71429	  0.11905	  0.16667
273.81720   0.71429	  0.11905	  0.16667
274.78475   0.71429	  0.11905	  0.16667
275.75230   0.71429	  0.11905	  0.16667
276.71985   0.71429	  0.11905	  0.16667
277.68741   0.71429	  0.11905	  0.16667
278.65496   0.71429	  0.11905	  0.16667
279.62251   0.71429	  0.11905	  0.16667
280.59006   0.71429	  0.11905	  0.16667
281.55761   0.71429	  0.11905	  0.16667
282.52517   0.71429	  0.11905	  0.16667
283.49272   0.69048	  0.14286	  0.16667
284.46027   0.69048	  0.14286	  0.16667
285.42782   0.69048	  0.14286	  0.16667
286.39537   0.69048	  0.14286	  0.16667
287.36293   0.69048	  0.09524	  0.21429
288.33048   0.69048	  0.09524	  0.21429
289.29803   0.69048	  0.11905	  0.19048
290.26558   0.69048	  0.09524	  0.21429
291.23313   0.69048	  0.09524	  0.21429
292.20068   0.69048	  0.09524	  0.21429
293.16824   0.69048	  0.09524	  0.21429
294.13579   0.69048	  0.09524	  0.21429
295.10334   0.69048	  0.09524	  0.21429
296.07089   0.69048	  0.09524	  0.21429
297.03844   0.69048	  0.09524	  0.21429
298.00600   0.69048	  0.09524	  0.21429
298.97355   0.71429	  0.07143	  0.21429
299.94110   0.71429	  0.09524	  0.19048
300.90865   0.71429	  0.07143	  0.21429
301.87620   0.71429	  0.07143	  0.21429
302.84376   0.71429	  0.09524	  0.19048
303.81131   0.71429	  0.09524	  0.19048
304.77886   0.71429	  0.07143	  0.21429
305.74641   0.71429	  0.07143	  0.21429
306.71396   0.71429	  0.07143	  0.21429
307.68152   0.71429	  0.09524	  0.19048
308.64907   0.71429	  0.07143	  0.21429
309.61662   0.71429	  0.07143	  0.21429
310.58417   0.71429	  0.02381	  0.26190
311.55172   0.71429	  0.02381	  0.26190
312.51928   0.71429	  0.02381	  0.26190
313.48683   0.71429	  0.04762	  0.23810
314.45438   0.71429	  0.04762	  0.23810
315.42193   0.71429	  0.04762	  0.23810
316.38948   0.71429	  0.04762	  0.23810
317.35704   0.71429	  0.04762	  0.23810
318.32459   0.71429	  0.04762	  0.23810
319.29214   0.71429	  0.04762	  0.23810
320.25969   0.66667	  0.09524	  0.23810
321.22724   0.66667	  0.09524	  0.23810
322.19479   0.66667	  0.09524	  0.23810
323.16235   0.66667	  0.09524	  0.23810
324.12990   0.66667	  0.09524	  0.23810
325.09745   0.66667	  0.09524	  0.23810
326.06500   0.66667	  0.09524	  0.23810
327.03255   0.66667	  0.09524	  0.23810
328.00011   0.66667	  0.09524	  0.23810
328.96766   0.66667	  0.09524	  0.23810
329.93521   0.66667	  0.09524	  0.23810
330.90276   0.66667	  0.07143	  0.26190
331.87031   0.64286	  0.09524	  0.26190
332.83787   0.64286	  0.09524	  0.26190
333.80542   0.64286	  0.07143	  0.28571
334.77297   0.64286	  0.09524	  0.26190
335.74052   0.64286	  0.09524	  0.26190
336.70807   0.64286	  0.09524	  0.26190
337.67563   0.64286	  0.07143	  0.28571
338.64318   0.64286	  0.09524	  0.26190
339.61073   0.64286	  0.09524	  0.26190
340.57828   0.64286	  0.07143	  0.28571
341.54583   0.61905	  0.09524	  0.28571
342.51339   0.61905	  0.09524	  0.28571
343.48094   0.61905	  0.09524	  0.28571
344.44849   0.61905	  0.09524	  0.28571
345.41604   0.61905	  0.09524	  0.28571
346.38359   0.61905	  0.09524	  0.28571
347.35115   0.61905	  0.09524	  0.28571
348.31870   0.61905	  0.09524	  0.28571
349.28625   0.61905	  0.09524	  0.28571
350.25380   0.61905	  0.09524	  0.28571
351.22135   0.61905	  0.09524	  0.28571
352.18890   0.61905	  0.09524	  0.28571
353.15646   0.61905	  0.09524	  0.28571
354.12401   0.61905	  0.09524	  0.28571
355.09156   0.61905	  0.07143	  0.30952
356.05911   0.61905	  0.07143	  0.30952
357.02666   0.61905	  0.07143	  0.30952
357.99422   0.61905	  0.07143	  0.30952
358.96177   0.61905	  0.07143	  0.30952
359.92932   0.61905	  0.07143	  0.30952
360.89687   0.61905	  0.09524	  0.28571
361.86442   0.61905	  0.09524	  0.28571
362.83198   0.61905	  0.09524	  0.28571
363.79953   0.61905	  0.11905	  0.26190
364.76708   0.61905	  0.11905	  0.26190
365.73463   0.61905	  0.11905	  0.26190
366.70218   0.61905	  0.11905	  0.26190
367.66974   0.61905	  0.11905	  0.26190
368.63729   0.61905	  0.11905	  0.26190
369.60484   0.61905	  0.11905	  0.26190
370.57239   0.61905	  0.11905	  0.26190
371.53994   0.61905	  0.09524	  0.28571
372.50750   0.61905	  0.07143	  0.30952
373.47505   0.61905	  0.07143	  0.30952
374.44260   0.61905	  0.07143	  0.30952
375.41015   0.61905	  0.09524	  0.28571
376.37770   0.61905	  0.09524	  0.28571
377.34526   0.61905	  0.09524	  0.28571
378.31281   0.61905	  0.07143	  0.30952
379.28036   0.64286	  0.07143	  0.28571
380.24791   0.64286	  0.07143	  0.28571
381.21546   0.64286	  0.07143	  0.28571
382.18301   0.64286	  0.07143	  0.28571
383.15057   0.64286	  0.07143	  0.28571
384.11812   0.64286	  0.04762	  0.30952
385.08567   0.64286	  0.04762	  0.30952
386.05322   0.64286	  0.02381	  0.33333
387.02077   0.64286	  0.00000	  0.35714
387.98833   0.64286	  0.02381	  0.33333
388.95588   0.64286	  0.00000	  0.35714
389.92343   0.64286	  0.02381	  0.33333
390.89098   0.64286	  0.02381	  0.33333
391.85853   0.64286	  0.00000	  0.35714
392.82609   0.64286	  0.00000	  0.35714
393.79364   0.64286	  0.00000	  0.35714
394.76119   0.61905	  0.02381	  0.35714
395.72874   0.61905	  0.02381	  0.35714
396.69629   0.64286	  0.00000	  0.35714
397.66385   0.64286	  0.00000	  0.35714
398.63140   0.64286	  0.00000	  0.35714
399.59895   0.64286	  0.00000	  0.35714
400.56650   0.64286	  0.00000	  0.35714
401.53405   0.64286	  0.00000	  0.35714
402.50161   0.64286	  0.00000	  0.35714
403.46916   0.64286	  0.00000	  0.35714
404.43671   0.64286	  0.00000	  0.35714
405.40426   0.64286	  0.00000	  0.35714
406.37181   0.64286	  0.00000	  0.35714
407.33937   0.64286	  0.00000	  0.35714
408.30692   0.64286	  0.00000	  0.35714
409.27447   0.64286	  0.00000	  0.35714
410.24202   0.64286	  0.00000	  0.35714
411.20957   0.64286	  0.00000	  0.35714
412.17712   0.64286	  0.00000	  0.35714
413.14468   0.64286	  0.00000	  0.35714
414.11223   0.64286	  0.00000	  0.35714
415.07978   0.64286	  0.00000	  0.35714
416.04733   0.64286	  0.00000	  0.35714
417.01488   0.64286	  0.00000	  0.35714
417.98244   0.64286	  0.00000	  0.35714
418.94999   0.64286	  0.00000	  0.35714
419.91754   0.64286	  0.00000	  0.35714
420.88509   0.64286	  0.00000	  0.35714
421.85264   0.64286	  0.00000	  0.35714
422.82020   0.64286	  0.00000	  0.35714
423.78775   0.64286	  0.02381	  0.33333
424.75530   0.64286	  0.02381	  0.33333
425.72285   0.64286	  0.02381	  0.33333
426.69040   0.64286	  0.02381	  0.33333
427.65796   0.64286	  0.02381	  0.33333
428.62551   0.64286	  0.02381	  0.33333
429.59306   0.64286	  0.02381	  0.33333
430.56061   0.64286	  0.02381	  0.33333
431.52816   0.61905	  0.04762	  0.33333
432.49572   0.61905	  0.04762	  0.33333
433.46327   0.61905	  0.04762	  0.33333
434.43082   0.61905	  0.04762	  0.33333
435.39837   0.61905	  0.04762	  0.33333
436.36592   0.61905	  0.04762	  0.33333
437.33348   0.61905	  0.04762	  0.33333
438.30103   0.61905	  0.04762	  0.33333
439.26858   0.64286	  0.02381	  0.33333
440.23613   0.64286	  0.02381	  0.33333
441.20368   0.64286	  0.02381	  0.33333
442.17123   0.64286	  0.02381	  0.33333
443.13879   0.64286	  0.02381	  0.33333
444.10634   0.64286	  0.02381	  0.33333
445.07389   0.64286	  0.02381	  0.33333
446.04144   0.61905	  0.02381	  0.35714
447.00899   0.61905	  0.02381	  0.35714
447.97655   0.61905	  0.02381	  0.35714
448.94410   0.61905	  0.02381	  0.35714
449.91165   0.61905	  0.02381	  0.35714
450.87920   0.61905	  0.02381	  0.35714
451.84675   0.61905	  0.02381	  0.35714
452.81431   0.61905	  0.02381	  0.35714
453.78186   0.61905	  0.04762	  0.33333
454.74941   0.61905	  0.04762	  0.33333
455.71696   0.61905	  0.04762	  0.33333
456.68451   0.64286	  0.02381	  0.33333
457.65207   0.64286	  0.02381	  0.33333
458.61962   0.64286	  0.02381	  0.33333
459.58717   0.64286	  0.02381	  0.33333
460.55472   0.64286	  0.02381	  0.33333
461.52227   0.61905	  0.02381	  0.35714
462.48983   0.61905	  0.02381	  0.35714
463.45738   0.61905	  0.02381	  0.35714
464.42493   0.61905	  0.02381	  0.35714
465.39248   0.61905	  0.02381	  0.35714
466.36003   0.61905	  0.02381	  0.35714
467.32759   0.59524	  0.04762	  0.35714
468.29514   0.59524	  0.04762	  0.35714
469.26269   0.59524	  0.04762	  0.35714
470.23024   0.59524	  0.04762	  0.35714
471.19779   0.59524	  0.04762	  0.35714
472.16534   0.59524	  0.04762	  0.35714
473.13290   0.59524	  0.04762	  0.35714
474.10045   0.59524	  0.04762	  0.35714
475.06800   0.59524	  0.04762	  0.35714
476.03555   0.59524	  0.04762	  0.35714
477.00310   0.59524	  0.04762	  0.35714
477.97066   0.59524	  0.04762	  0.35714
478.93821   0.59524	  0.04762	  0.35714
479.90576   0.59524	  0.04762	  0.35714
480.87331   0.59524	  0.04762	  0.35714
481.84086   0.59524	  0.04762	  0.35714
482.80842   0.59524	  0.04762	  0.35714
483.77597   0.59524	  0.04762	  0.35714
484.74352   0.59524	  0.04762	  0.35714
485.71107   0.59524	  0.04762	  0.35714
486.67862   0.59524	  0.07143	  0.33333
487.64618   0.59524	  0.07143	  0.33333
488.61373   0.59524	  0.07143	  0.33333
489.58128   0.59524	  0.07143	  0.33333
490.54883   0.59524	  0.07143	  0.33333
491.51638   0.59524	  0.04762	  0.35714
492.48394   0.59524	  0.04762	  0.35714
493.45149   0.59524	  0.04762	  0.35714
494.41904   0.59524	  0.04762	  0.35714
495.38659   0.59524	  0.04762	  0.35714
496.35414   0.59524	  0.04762	  0.35714
497.32170   0.57143	  0.07143	  0.35714
498.28925   0.59524	  0.04762	  0.35714
499.25680   0.59524	  0.04762	  0.35714
500.22435   0.59524	  0.02381	  0.38095
501.19190   0.59524	  0.02381	  0.38095
502.15945   0.59524	  0.02381	  0.38095
503.12701   0.59524	  0.02381	  0.38095
504.09456   0.57143	  0.04762	  0.38095
505.06211   0.59524	  0.02381	  0.38095
506.02966   0.59524	  0.02381	  0.38095
506.99721   0.59524	  0.04762	  0.35714
507.96477   0.59524	  0.02381	  0.38095
508.93232   0.57143	  0.04762	  0.38095
509.89987   0.57143	  0.04762	  0.38095
510.86742   0.57143	  0.04762	  0.38095
511.83497   0.57143	  0.07143	  0.35714
512.80253   0.57143	  0.07143	  0.35714
513.77008   0.57143	  0.07143	  0.35714
514.73763   0.57143	  0.04762	  0.38095
515.70518   0.57143	  0.04762	  0.38095
516.67273   0.57143	  0.04762	  0.38095
517.64029   0.57143	  0.04762	  0.38095
518.60784   0.54762	  0.07143	  0.38095
519.57539   0.52381	  0.09524	  0.38095
520.54294   0.52381	  0.09524	  0.38095
521.51049   0.54762	  0.07143	  0.38095
522.47805   0.54762	  0.07143	  0.38095
523.44560   0.54762	  0.07143	  0.38095
524.41315   0.54762	  0.07143	  0.38095
525.38070   0.54762	  0.07143	  0.38095
526.34825   0.54762	  0.07143	  0.38095
527.31581   0.54762	  0.07143	  0.38095
528.28336   0.54762	  0.07143	  0.38095
529.25091   0.54762	  0.07143	  0.38095
530.21846   0.54762	  0.07143	  0.38095
531.18601   0.54762	  0.07143	  0.38095
532.15357   0.54762	  0.07143	  0.38095
533.12112   0.54762	  0.07143	  0.38095
534.08867   0.54762	  0.07143	  0.38095
535.05622   0.54762	  0.07143	  0.38095
536.02377   0.54762	  0.07143	  0.38095
536.99132   0.54762	  0.07143	  0.38095
537.95888   0.54762	  0.07143	  0.38095
538.92643   0.54762	  0.07143	  0.38095
539.89398   0.54762	  0.07143	  0.38095
540.86153   0.54762	  0.07143	  0.38095
541.82908   0.54762	  0.07143	  0.38095
542.79664   0.54762	  0.07143	  0.38095
543.76419   0.54762	  0.07143	  0.38095
544.73174   0.54762	  0.07143	  0.38095
545.69929   0.54762	  0.04762	  0.40476
546.66684   0.54762	  0.04762	  0.40476
547.63440   0.54762	  0.04762	  0.40476
548.60195   0.57143	  0.04762	  0.38095
549.56950   0.57143	  0.02381	  0.40476
550.53705   0.54762	  0.07143	  0.38095
551.50460   0.54762	  0.04762	  0.40476
552.47216   0.54762	  0.04762	  0.40476
553.43971   0.54762	  0.07143	  0.38095
554.40726   0.54762	  0.07143	  0.38095
555.37481   0.54762	  0.07143	  0.38095
556.34236   0.54762	  0.07143	  0.38095
557.30992   0.54762	  0.07143	  0.38095
558.27747   0.54762	  0.07143	  0.38095
559.24502   0.54762	  0.07143	  0.38095
560.21257   0.54762	  0.07143	  0.38095
561.18012   0.54762	  0.07143	  0.38095
562.14768   0.54762	  0.07143	  0.38095
563.11523   0.54762	  0.07143	  0.38095
564.08278   0.52381	  0.09524	  0.38095
565.05033   0.52381	  0.09524	  0.38095
566.01788   0.52381	  0.09524	  0.38095
566.98543   0.52381	  0.09524	  0.38095
567.95299   0.52381	  0.09524	  0.38095
568.92054   0.52381	  0.09524	  0.38095
569.88809   0.52381	  0.09524	  0.38095
570.85564   0.52381	  0.09524	  0.38095
571.82319   0.52381	  0.09524	  0.38095
572.79075   0.52381	  0.09524	  0.38095
573.75830   0.52381	  0.09524	  0.38095
574.72585   0.52381	  0.09524	  0.38095
575.69340   0.50000	  0.11905	  0.38095
576.66095   0.50000	  0.11905	  0.38095
577.62851   0.50000	  0.11905	  0.38095
578.59606   0.52381	  0.09524	  0.38095
579.56361   0.52381	  0.09524	  0.38095
580.53116   0.52381	  0.09524	  0.38095
581.49871   0.52381	  0.09524	  0.38095
582.46627   0.50000	  0.11905	  0.38095
583.43382   0.50000	  0.11905	  0.38095
584.40137   0.50000	  0.09524	  0.40476
585.36892   0.50000	  0.09524	  0.40476
586.33647   0.50000	  0.09524	  0.40476
587.30403   0.50000	  0.09524	  0.40476
588.27158   0.50000	  0.09524	  0.40476
589.23913   0.50000	  0.09524	  0.40476
590.20668   0.50000	  0.09524	  0.40476
591.17423   0.50000	  0.09524	  0.40476
592.14179   0.50000	  0.09524	  0.40476
593.10934   0.50000	  0.09524	  0.40476
594.07689   0.47619	  0.11905	  0.40476
595.04444   0.47619	  0.11905	  0.40476
596.01199   0.47619	  0.11905	  0.40476
596.97954   0.47619	  0.11905	  0.40476
597.94710   0.47619	  0.11905	  0.40476
598.91465   0.47619	  0.11905	  0.40476
599.88220   0.47619	  0.11905	  0.40476
600.84975   0.47619	  0.11905	  0.40476
601.81730   0.47619	  0.11905	  0.40476
602.78486   0.47619	  0.11905	  0.40476
603.75241   0.47619	  0.09524	  0.42857
604.71996   0.47619	  0.11905	  0.40476
605.68751   0.47619	  0.11905	  0.40476
606.65506   0.47619	  0.11905	  0.40476
607.62262   0.47619	  0.11905	  0.40476
608.59017   0.47619	  0.11905	  0.40476
609.55772   0.47619	  0.11905	  0.40476
610.52527   0.47619	  0.11905	  0.40476
611.49282   0.47619	  0.09524	  0.42857
612.46038   0.47619	  0.09524	  0.42857
613.42793   0.47619	  0.09524	  0.42857
614.39548   0.47619	  0.09524	  0.42857
615.36303   0.47619	  0.09524	  0.42857
616.33058   0.47619	  0.09524	  0.42857
617.29814   0.47619	  0.09524	  0.42857
618.26569   0.45238	  0.11905	  0.42857
619.23324   0.45238	  0.09524	  0.45238
620.20079   0.45238	  0.09524	  0.45238
621.16834   0.45238	  0.09524	  0.45238
622.13590   0.45238	  0.09524	  0.45238
623.10345   0.45238	  0.09524	  0.45238
624.07100   0.45238	  0.09524	  0.45238
625.03855   0.45238	  0.09524	  0.45238
626.00610   0.45238	  0.09524	  0.45238
626.97365   0.47619	  0.07143	  0.45238
627.94121   0.47619	  0.07143	  0.45238
628.90876   0.47619	  0.07143	  0.45238
629.87631   0.47619	  0.07143	  0.45238
630.84386   0.45238	  0.09524	  0.45238
631.81141   0.45238	  0.07143	  0.47619
632.77897   0.45238	  0.07143	  0.47619
633.74652   0.45238	  0.07143	  0.47619
634.71407   0.45238	  0.09524	  0.45238
635.68162   0.45238	  0.07143	  0.47619
636.64917   0.45238	  0.07143	  0.47619
637.61673   0.45238	  0.07143	  0.47619
638.58428   0.45238	  0.07143	  0.47619
639.55183   0.45238	  0.07143	  0.47619
640.51938   0.45238	  0.07143	  0.47619
641.48693   0.45238	  0.07143	  0.47619
642.45449   0.45238	  0.07143	  0.47619
643.42204   0.45238	  0.07143	  0.47619
644.38959   0.45238	  0.09524	  0.45238
645.35714   0.45238	  0.09524	  0.45238
646.32469   0.45238	  0.09524	  0.45238
647.29225   0.45238	  0.09524	  0.45238
648.25980   0.45238	  0.09524	  0.45238
649.22735   0.45238	  0.09524	  0.45238
650.19490   0.45238	  0.04762	  0.50000
651.16245   0.45238	  0.04762	  0.50000
652.13001   0.45238	  0.04762	  0.50000
653.09756   0.42857	  0.07143	  0.50000
654.06511   0.42857	  0.07143	  0.50000
655.03266   0.42857	  0.07143	  0.50000
656.00021   0.42857	  0.07143	  0.50000
656.96776   0.42857	  0.07143	  0.50000
657.93532   0.42857	  0.07143	  0.50000
658.90287   0.42857	  0.07143	  0.50000
659.87042   0.42857	  0.04762	  0.52381
660.83797   0.40476	  0.09524	  0.50000
661.80552   0.40476	  0.07143	  0.52381
662.77308   0.40476	  0.09524	  0.50000
663.74063   0.40476	  0.09524	  0.50000
664.70818   0.40476	  0.09524	  0.50000
665.67573   0.40476	  0.07143	  0.52381
666.64328   0.40476	  0.09524	  0.50000
667.61084   0.40476	  0.09524	  0.50000
668.57839   0.40476	  0.09524	  0.50000
669.54594   0.40476	  0.09524	  0.50000
670.51349   0.40476	  0.07143	  0.52381
671.48104   0.40476	  0.07143	  0.52381
672.44860   0.40476	  0.07143	  0.52381
673.41615   0.40476	  0.07143	  0.52381
674.38370   0.40476	  0.07143	  0.52381
675.35125   0.40476	  0.07143	  0.52381
676.31880   0.40476	  0.09524	  0.50000
677.28636   0.40476	  0.09524	  0.50000
678.25391   0.40476	  0.09524	  0.50000
679.22146   0.40476	  0.09524	  0.50000
680.18901   0.40476	  0.09524	  0.50000
681.15656   0.40476	  0.07143	  0.52381
682.12412   0.40476	  0.07143	  0.52381
683.09167   0.40476	  0.07143	  0.52381
684.05922   0.40476	  0.07143	  0.52381
685.02677   0.40476	  0.07143	  0.52381
685.99432   0.40476	  0.07143	  0.52381
686.96187   0.40476	  0.07143	  0.52381
687.92943   0.40476	  0.07143	  0.52381
688.89698   0.40476	  0.07143	  0.52381
689.86453   0.40476	  0.07143	  0.52381
690.83208   0.40476	  0.07143	  0.52381
691.79963   0.40476	  0.07143	  0.52381
692.76719   0.40476	  0.07143	  0.52381
693.73474   0.38095	  0.07143	  0.54762
694.70229   0.38095	  0.07143	  0.54762
695.66984   0.38095	  0.07143	  0.54762
696.63739   0.38095	  0.07143	  0.54762
697.60495   0.35714	  0.09524	  0.54762
698.57250   0.35714	  0.09524	  0.54762
699.54005   0.35714	  0.09524	  0.54762
700.50760   0.35714	  0.09524	  0.54762
701.47515   0.35714	  0.09524	  0.54762
702.44271   0.35714	  0.09524	  0.54762
703.41026   0.35714	  0.09524	  0.54762
704.37781   0.35714	  0.09524	  0.54762
705.34536   0.35714	  0.09524	  0.54762
706.31291   0.35714	  0.09524	  0.54762
707.28047   0.35714	  0.07143	  0.57143
708.24802   0.35714	  0.07143	  0.57143
709.21557   0.35714	  0.09524	  0.54762
710.18312   0.35714	  0.09524	  0.54762
711.15067   0.35714	  0.09524	  0.54762
712.11823   0.35714	  0.09524	  0.54762
713.08578   0.35714	  0.09524	  0.54762
714.05333   0.35714	  0.09524	  0.54762
715.02088   0.35714	  0.09524	  0.54762
715.98843   0.35714	  0.09524	  0.54762
716.95598   0.35714	  0.09524	  0.54762
717.92354   0.35714	  0.09524	  0.54762
718.89109   0.35714	  0.09524	  0.54762
719.85864   0.35714	  0.09524	  0.54762
720.82619   0.35714	  0.09524	  0.54762
721.79374   0.35714	  0.09524	  0.54762
722.76130   0.35714	  0.09524	  0.54762
723.72885   0.35714	  0.09524	  0.54762
724.69640   0.35714	  0.09524	  0.54762
725.66395   0.35714	  0.09524	  0.54762
726.63150   0.35714	  0.09524	  0.54762
727.59906   0.35714	  0.09524	  0.54762
728.56661   0.35714	  0.09524	  0.54762
729.53416   0.35714	  0.09524	  0.54762
730.50171   0.35714	  0.09524	  0.54762
731.46926   0.35714	  0.09524	  0.54762
732.43682   0.35714	  0.09524	  0.54762
733.40437   0.35714	  0.09524	  0.54762
734.37192   0.35714	  0.09524	  0.54762
735.33947   0.35714	  0.09524	  0.54762
736.30702   0.35714	  0.09524	  0.54762
737.27458   0.35714	  0.09524	  0.54762
738.24213   0.35714	  0.09524	  0.54762
739.20968   0.35714	  0.09524	  0.54762
740.17723   0.35714	  0.09524	  0.54762
741.14478   0.35714	  0.09524	  0.54762
742.11234   0.35714	  0.09524	  0.54762
743.07989   0.35714	  0.09524	  0.54762
744.04744   0.35714	  0.07143	  0.57143
745.01499   0.35714	  0.07143	  0.57143
745.98254   0.35714	  0.07143	  0.57143
746.95009   0.35714	  0.07143	  0.57143
747.91765   0.35714	  0.07143	  0.57143
748.88520   0.35714	  0.09524	  0.54762
749.85275   0.35714	  0.07143	  0.57143
750.82030   0.35714	  0.09524	  0.54762
751.78785   0.35714	  0.09524	  0.54762
752.75541   0.35714	  0.09524	  0.54762
753.72296   0.35714	  0.07143	  0.57143
754.69051   0.35714	  0.07143	  0.57143
755.65806   0.35714	  0.07143	  0.57143
756.62561   0.35714	  0.04762	  0.59524
757.59317   0.35714	  0.07143	  0.57143
758.56072   0.35714	  0.07143	  0.57143
759.52827   0.35714	  0.04762	  0.59524
760.49582   0.35714	  0.04762	  0.59524
761.46337   0.35714	  0.04762	  0.59524
762.43093   0.35714	  0.04762	  0.59524
763.39848   0.35714	  0.04762	  0.59524
764.36603   0.35714	  0.04762	  0.59524
765.33358   0.35714	  0.04762	  0.59524
766.30113   0.35714	  0.04762	  0.59524
767.26869   0.35714	  0.02381	  0.61905
768.23624   0.35714	  0.02381	  0.61905
769.20379   0.35714	  0.02381	  0.61905
770.17134   0.35714	  0.02381	  0.61905
771.13889   0.35714	  0.02381	  0.61905
772.10645   0.35714	  0.02381	  0.61905
773.07400   0.35714	  0.02381	  0.61905
774.04155   0.35714	  0.02381	  0.61905
775.00910   0.35714	  0.02381	  0.61905
775.97665   0.35714	  0.02381	  0.61905
776.94420   0.35714	  0.02381	  0.61905
777.91176   0.35714	  0.02381	  0.61905
778.87931   0.33333	  0.04762	  0.61905
779.84686   0.33333	  0.04762	  0.61905
780.81441   0.33333	  0.04762	  0.61905
781.78196   0.30952	  0.07143	  0.61905
782.74952   0.30952	  0.07143	  0.61905
783.71707   0.30952	  0.07143	  0.61905
784.68462   0.28571	  0.07143	  0.64286
785.65217   0.28571	  0.07143	  0.64286
786.61972   0.28571	  0.07143	  0.64286
787.58728   0.28571	  0.07143	  0.64286
788.55483   0.28571	  0.07143	  0.64286
789.52238   0.28571	  0.07143	  0.64286
790.48993   0.28571	  0.07143	  0.64286
791.45748   0.28571	  0.07143	  0.64286
792.42504   0.28571	  0.07143	  0.64286
793.39259   0.28571	  0.07143	  0.64286
794.36014   0.28571	  0.07143	  0.64286
795.32769   0.28571	  0.07143	  0.64286
796.29524   0.28571	  0.07143	  0.64286
797.26280   0.28571	  0.07143	  0.64286
798.23035   0.28571	  0.07143	  0.64286
799.19790   0.28571	  0.07143	  0.64286
800.16545   0.28571	  0.07143	  0.64286
801.13300   0.28571	  0.07143	  0.64286
802.10056   0.28571	  0.07143	  0.64286
803.06811   0.26190	  0.09524	  0.64286
804.03566   0.26190	  0.09524	  0.64286
805.00321   0.26190	  0.09524	  0.64286
805.97076   0.26190	  0.09524	  0.64286
806.93831   0.26190	  0.09524	  0.64286
807.90587   0.26190	  0.09524	  0.64286
808.87342   0.26190	  0.09524	  0.64286
809.84097   0.26190	  0.09524	  0.64286
810.80852   0.26190	  0.09524	  0.64286
811.77607   0.26190	  0.09524	  0.64286
812.74363   0.26190	  0.09524	  0.64286
813.71118   0.26190	  0.09524	  0.64286
814.67873   0.26190	  0.09524	  0.64286
815.64628   0.26190	  0.09524	  0.64286
816.61383   0.26190	  0.09524	  0.64286
817.58139   0.26190	  0.07143	  0.66667
818.54894   0.26190	  0.04762	  0.69048
819.51649   0.23810	  0.07143	  0.69048
820.48404   0.23810	  0.09524	  0.66667
821.45159   0.23810	  0.09524	  0.66667
822.41915   0.23810	  0.09524	  0.66667
823.38670   0.23810	  0.09524	  0.66667
824.35425   0.23810	  0.09524	  0.66667
825.32180   0.23810	  0.09524	  0.66667
826.28935   0.23810	  0.09524	  0.66667
827.25691   0.23810	  0.09524	  0.66667
828.22446   0.23810	  0.09524	  0.66667
829.19201   0.23810	  0.09524	  0.66667
830.15956   0.23810	  0.09524	  0.66667
831.12711   0.23810	  0.09524	  0.66667
832.09467   0.23810	  0.09524	  0.66667
833.06222   0.23810	  0.07143	  0.69048
834.02977   0.26190	  0.04762	  0.69048
834.99732   0.26190	  0.04762	  0.69048
835.96487   0.26190	  0.04762	  0.69048
836.93242   0.26190	  0.04762	  0.69048
837.89998   0.26190	  0.04762	  0.69048
838.86753   0.26190	  0.04762	  0.69048
839.83508   0.26190	  0.04762	  0.69048
840.80263   0.26190	  0.07143	  0.66667
841.77018   0.26190	  0.04762	  0.69048
842.73774   0.26190	  0.02381	  0.71429
843.70529   0.26190	  0.02381	  0.71429
844.67284   0.23810	  0.04762	  0.71429
845.64039   0.23810	  0.07143	  0.69048
846.60794   0.23810	  0.09524	  0.66667
847.57550   0.23810	  0.07143	  0.69048
848.54305   0.23810	  0.07143	  0.69048
849.51060   0.23810	  0.07143	  0.69048
850.47815   0.23810	  0.07143	  0.69048
851.44570   0.23810	  0.07143	  0.69048
852.41326   0.23810	  0.07143	  0.69048
853.38081   0.23810	  0.07143	  0.69048
854.34836   0.23810	  0.07143	  0.69048
855.31591   0.23810	  0.07143	  0.69048
856.28346   0.23810	  0.07143	  0.69048
857.25102   0.23810	  0.07143	  0.69048
858.21857   0.23810	  0.07143	  0.69048
859.18612   0.23810	  0.07143	  0.69048
860.15367   0.23810	  0.07143	  0.69048
861.12122   0.23810	  0.07143	  0.69048
862.08878   0.23810	  0.07143	  0.69048
863.05633   0.23810	  0.07143	  0.69048
864.02388   0.23810	  0.07143	  0.69048
864.99143   0.23810	  0.04762	  0.71429
865.95898   0.23810	  0.04762	  0.71429
866.92653   0.23810	  0.04762	  0.71429
867.89409   0.23810	  0.04762	  0.71429
868.86164   0.23810	  0.04762	  0.71429
869.82919   0.23810	  0.04762	  0.71429
870.79674   0.23810	  0.04762	  0.71429
871.76429   0.23810	  0.04762	  0.71429
872.73185   0.23810	  0.07143	  0.69048
873.69940   0.23810	  0.07143	  0.69048
874.66695   0.23810	  0.07143	  0.69048
875.63450   0.23810	  0.04762	  0.71429
876.60205   0.23810	  0.04762	  0.71429
877.56961   0.23810	  0.04762	  0.71429
878.53716   0.23810	  0.04762	  0.71429
879.50471   0.23810	  0.04762	  0.71429
880.47226   0.23810	  0.04762	  0.71429
881.43981   0.23810	  0.04762	  0.71429
882.40737   0.23810	  0.04762	  0.71429
883.37492   0.23810	  0.04762	  0.71429
884.34247   0.23810	  0.04762	  0.71429
885.31002   0.23810	  0.04762	  0.71429
886.27757   0.23810	  0.04762	  0.71429
887.24513   0.23810	  0.04762	  0.71429
888.21268   0.23810	  0.04762	  0.71429
889.18023   0.23810	  0.04762	  0.71429
890.14778   0.23810	  0.04762	  0.71429
891.11533   0.23810	  0.04762	  0.71429
892.08289   0.23810	  0.04762	  0.71429
893.05044   0.23810	  0.04762	  0.71429
894.01799   0.23810	  0.04762	  0.71429
894.98554   0.23810	  0.04762	  0.71429
895.95309   0.23810	  0.02381	  0.73810
896.92065   0.23810	  0.02381	  0.73810
897.88820   0.23810	  0.02381	  0.73810
898.85575   0.23810	  0.02381	  0.73810
899.82330   0.23810	  0.02381	  0.73810
900.79085   0.23810	  0.02381	  0.73810
901.75840   0.23810	  0.02381	  0.73810
902.72596   0.23810	  0.02381	  0.73810
903.69351   0.23810	  0.02381	  0.73810
904.66106   0.23810	  0.02381	  0.73810
905.62861   0.23810	  0.02381	  0.73810
906.59616   0.23810	  0.02381	  0.73810
907.56372   0.23810	  0.02381	  0.73810
908.53127   0.23810	  0.02381	  0.73810
909.49882   0.23810	  0.02381	  0.73810
910.46637   0.23810	  0.02381	  0.73810
911.43392   0.23810	  0.02381	  0.73810
912.40148   0.23810	  0.02381	  0.73810
913.36903   0.23810	  0.02381	  0.73810
914.33658   0.23810	  0.02381	  0.73810
915.30413   0.23810	  0.02381	  0.73810
916.27168   0.23810	  0.02381	  0.73810
917.23924   0.23810	  0.02381	  0.73810
918.20679   0.23810	  0.02381	  0.73810
919.17434   0.23810	  0.02381	  0.73810
920.14189   0.23810	  0.02381	  0.73810
921.10944   0.23810	  0.02381	  0.73810
922.07700   0.23810	  0.02381	  0.73810
923.04455   0.23810	  0.02381	  0.73810
924.01210   0.23810	  0.02381	  0.73810
924.97965   0.23810	  0.02381	  0.73810
925.94720   0.23810	  0.00000	  0.76190
926.91476   0.23810	  0.00000	  0.76190
927.88231   0.23810	  0.00000	  0.76190
928.84986   0.23810	  0.00000	  0.76190
929.81741   0.23810	  0.00000	  0.76190
930.78496   0.23810	  0.00000	  0.76190
931.75251   0.23810	  0.02381	  0.73810
932.72007   0.23810	  0.02381	  0.73810
933.68762   0.23810	  0.02381	  0.73810
934.65517   0.23810	  0.02381	  0.73810
935.62272   0.23810	  0.02381	  0.73810
936.59027   0.23810	  0.02381	  0.73810
937.55783   0.23810	  0.02381	  0.73810
938.52538   0.23810	  0.02381	  0.73810
939.49293   0.23810	  0.02381	  0.73810
940.46048   0.23810	  0.02381	  0.73810
941.42803   0.23810	  0.02381	  0.73810
942.39559   0.23810	  0.02381	  0.73810
943.36314   0.23810	  0.02381	  0.73810
944.33069   0.23810	  0.02381	  0.73810
945.29824   0.23810	  0.02381	  0.73810
946.26579   0.23810	  0.02381	  0.73810
947.23335   0.23810	  0.02381	  0.73810
948.20090   0.23810	  0.02381	  0.73810
949.16845   0.23810	  0.02381	  0.73810
950.13600   0.23810	  0.02381	  0.73810
951.10355   0.23810	  0.02381	  0.73810
952.07111   0.23810	  0.02381	  0.73810
953.03866   0.23810	  0.02381	  0.73810
954.00621   0.21429	  0.04762	  0.73810
954.97376   0.21429	  0.04762	  0.73810
955.94131   0.21429	  0.04762	  0.73810
956.90887   0.21429	  0.04762	  0.73810
957.87642   0.21429	  0.04762	  0.73810
958.84397   0.21429	  0.04762	  0.73810
959.81152   0.21429	  0.04762	  0.73810
960.77907   0.21429	  0.04762	  0.73810
961.74662   0.21429	  0.04762	  0.73810
962.71418   0.21429	  0.04762	  0.73810
963.68173   0.21429	  0.04762	  0.73810
964.64928   0.21429	  0.04762	  0.73810
965.61683   0.21429	  0.04762	  0.73810
966.58438   0.21429	  0.04762	  0.73810
967.55194   0.21429	  0.04762	  0.73810
968.51949   0.21429	  0.04762	  0.73810
969.48704   0.21429	  0.04762	  0.73810
970.45459   0.21429	  0.04762	  0.73810
971.42214   0.21429	  0.04762	  0.73810
972.38970   0.21429	  0.04762	  0.73810
973.35725   0.21429	  0.04762	  0.73810
974.32480   0.21429	  0.04762	  0.73810
975.29235   0.21429	  0.04762	  0.73810
976.25990   0.21429	  0.04762	  0.73810
977.22746   0.21429	  0.04762	  0.73810
978.19501   0.21429	  0.04762	  0.73810
979.16256   0.21429	  0.04762	  0.73810
980.13011   0.21429	  0.04762	  0.73810
981.09766   0.21429	  0.04762	  0.73810
982.06522   0.21429	  0.04762	  0.73810
983.03277   0.21429	  0.04762	  0.73810
984.00032   0.21429	  0.04762	  0.73810
984.96787   0.23810	  0.02381	  0.73810
985.93542   0.21429	  0.04762	  0.73810
986.90298   0.21429	  0.04762	  0.73810
987.87053   0.23810	  0.02381	  0.73810
988.83808   0.23810	  0.02381	  0.73810
989.80563   0.23810	  0.02381	  0.73810
990.77318   0.23810	  0.02381	  0.73810
991.74073   0.23810	  0.02381	  0.73810
992.70829   0.23810	  0.02381	  0.73810
993.67584   0.21429	  0.02381	  0.76190
994.64339   0.21429	  0.02381	  0.76190
995.61094   0.21429	  0.02381	  0.76190
996.57849   0.21429	  0.02381	  0.76190
997.54605   0.21429	  0.02381	  0.76190
998.51360   0.21429	  0.02381	  0.76190
999.48115   0.21429	  0.02381	  0.76190
1000.44870   0.21429	   0.02381	   0.76190
1001.41625   0.21429	   0.02381	   0.76190
1002.38381   0.21429	   0.02381	   0.76190
1003.35136   0.21429	   0.02381	   0.76190
1004.31891   0.21429	   0.02381	   0.76190
1005.28646   0.21429	   0.02381	   0.76190
1006.25401   0.21429	   0.02381	   0.76190
1007.22157   0.21429	   0.02381	   0.76190
1008.18912   0.19048	   0.02381	   0.78571
1009.15667   0.19048	   0.02381	   0.78571
1010.12422   0.19048	   0.00000	   0.80952
1011.09177   0.19048	   0.00000	   0.80952
1012.05933   0.19048	   0.00000	   0.80952
1013.02688   0.19048	   0.00000	   0.80952
1013.99443   0.19048	   0.00000	   0.80952
1014.96198   0.19048	   0.00000	   0.80952
1015.92953   0.19048	   0.00000	   0.80952
1016.89709   0.19048	   0.00000	   0.80952
1017.86464   0.19048	   0.00000	   0.80952
1018.83219   0.19048	   0.00000	   0.80952
1019.79974   0.19048	   0.00000	   0.80952
1020.76729   0.19048	   0.00000	   0.80952
1021.73484   0.19048	   0.00000	   0.80952
1022.70240   0.19048	   0.00000	   0.80952
1023.66995   0.19048	   0.00000	   0.80952
1024.63750   0.19048	   0.00000	   0.80952
1025.60505   0.19048	   0.00000	   0.80952
1026.57260   0.19048	   0.00000	   0.80952
1027.54016   0.19048	   0.00000	   0.80952
1028.50771   0.19048	   0.00000	   0.80952
1029.47526   0.19048	   0.00000	   0.80952
1030.44281   0.19048	   0.00000	   0.80952
1031.41036   0.19048	   0.00000	   0.80952
1032.37792   0.19048	   0.00000	   0.80952
1033.34547   0.19048	   0.00000	   0.80952
1034.31302   0.19048	   0.00000	   0.80952
1035.28057   0.19048	   0.00000	   0.80952
1036.24812   0.19048	   0.00000	   0.80952
1037.21568   0.19048	   0.00000	   0.80952
1038.18323   0.19048	   0.00000	   0.80952
1039.15078   0.19048	   0.00000	   0.80952
1040.11833   0.19048	   0.00000	   0.80952
1041.08588   0.19048	   0.00000	   0.80952
1042.05344   0.19048	   0.00000	   0.80952
1043.02099   0.19048	   0.00000	   0.80952
1043.98854   0.19048	   0.00000	   0.80952
1044.95609   0.19048	   0.00000	   0.80952
1045.92364   0.19048	   0.00000	   0.80952
1046.89120   0.19048	   0.00000	   0.80952
1047.85875   0.19048	   0.00000	   0.80952
1048.82630   0.19048	   0.02381	   0.78571
1049.79385   0.19048	   0.02381	   0.78571
1050.76140   0.19048	   0.02381	   0.78571
1051.72895   0.19048	   0.02381	   0.78571
1052.69651   0.19048	   0.02381	   0.78571
1053.66406   0.19048	   0.02381	   0.78571
1054.63161   0.19048	   0.02381	   0.78571
1055.59916   0.19048	   0.02381	   0.78571
1056.56671   0.19048	   0.02381	   0.78571
1057.53427   0.19048	   0.02381	   0.78571
1058.50182   0.19048	   0.02381	   0.78571
1059.46937   0.19048	   0.02381	   0.78571
1060.43692   0.16667	   0.04762	   0.78571
1061.40447   0.16667	   0.04762	   0.78571
1062.37203   0.16667	   0.04762	   0.78571
1063.33958   0.16667	   0.04762	   0.78571
1064.30713   0.16667	   0.04762	   0.78571
1065.27468   0.16667	   0.04762	   0.78571
1066.24223   0.16667	   0.04762	   0.78571
1067.20979   0.16667	   0.04762	   0.78571
1068.17734   0.16667	   0.04762	   0.78571
1069.14489   0.16667	   0.04762	   0.78571
1070.11244   0.16667	   0.04762	   0.78571
1071.07999   0.16667	   0.04762	   0.78571
1072.04755   0.16667	   0.04762	   0.78571
1073.01510   0.16667	   0.04762	   0.78571
1073.98265   0.16667	   0.04762	   0.78571
1074.95020   0.16667	   0.04762	   0.78571
1075.91775   0.16667	   0.04762	   0.78571
1076.88531   0.16667	   0.04762	   0.78571
1077.85286   0.16667	   0.04762	   0.78571
1078.82041   0.14286	   0.07143	   0.78571
1079.78796   0.14286	   0.07143	   0.78571
1080.75551   0.14286	   0.07143	   0.78571
1081.72306   0.14286	   0.07143	   0.78571
1082.69062   0.14286	   0.07143	   0.78571
1083.65817   0.14286	   0.07143	   0.78571
1084.62572   0.14286	   0.04762	   0.80952
1085.59327   0.14286	   0.04762	   0.80952
1086.56082   0.14286	   0.04762	   0.80952
1087.52838   0.14286	   0.04762	   0.80952
1088.49593   0.14286	   0.04762	   0.80952
1089.46348   0.14286	   0.04762	   0.80952
1090.43103   0.14286	   0.04762	   0.80952
1091.39858   0.14286	   0.04762	   0.80952
1092.36614   0.14286	   0.04762	   0.80952
1093.33369   0.14286	   0.04762	   0.80952
1094.30124   0.14286	   0.04762	   0.80952
1095.26879   0.14286	   0.02381	   0.83333
1096.23634   0.14286	   0.02381	   0.83333
1097.20390   0.14286	   0.02381	   0.83333
1098.17145   0.14286	   0.02381	   0.83333
1099.13900   0.14286	   0.04762	   0.80952
1100.10655   0.14286	   0.04762	   0.80952
1101.07410   0.14286	   0.04762	   0.80952
1102.04166   0.14286	   0.04762	   0.80952
1103.00921   0.14286	   0.04762	   0.80952
1103.97676   0.14286	   0.04762	   0.80952
1104.94431   0.14286	   0.04762	   0.80952
1105.91186   0.14286	   0.04762	   0.80952
1106.87942   0.14286	   0.04762	   0.80952
1107.84697   0.14286	   0.04762	   0.80952
1108.81452   0.14286	   0.04762	   0.80952
1109.78207   0.14286	   0.04762	   0.80952
1110.74962   0.14286	   0.04762	   0.80952
1111.71717   0.14286	   0.04762	   0.80952
1112.68473   0.14286	   0.04762	   0.80952
1113.65228   0.11905	   0.04762	   0.83333
1114.61983   0.11905	   0.07143	   0.80952
1115.58738   0.11905	   0.07143	   0.80952
1116.55493   0.11905	   0.04762	   0.83333
1117.52249   0.11905	   0.04762	   0.83333
1118.49004   0.11905	   0.04762	   0.83333
1119.45759   0.11905	   0.04762	   0.83333
1120.42514   0.11905	   0.02381	   0.85714
1121.39269   0.11905	   0.02381	   0.85714
1122.36025   0.11905	   0.02381	   0.85714
1123.32780   0.11905	   0.04762	   0.83333
1124.29535   0.11905	   0.04762	   0.83333
1125.26290   0.11905	   0.04762	   0.83333
1126.23045   0.11905	   0.04762	   0.83333
1127.19801   0.11905	   0.04762	   0.83333
1128.16556   0.11905	   0.04762	   0.83333
1129.13311   0.11905	   0.02381	   0.85714
1130.10066   0.11905	   0.02381	   0.85714
1131.06821   0.11905	   0.02381	   0.85714
1132.03577   0.11905	   0.04762	   0.83333
1133.00332   0.11905	   0.04762	   0.83333
1133.97087   0.11905	   0.04762	   0.83333
1134.93842   0.11905	   0.04762	   0.83333
1135.90597   0.11905	   0.04762	   0.83333
1136.87353   0.11905	   0.04762	   0.83333
1137.84108   0.11905	   0.04762	   0.83333
1138.80863   0.11905	   0.04762	   0.83333
1139.77618   0.11905	   0.04762	   0.83333
1140.74373   0.11905	   0.04762	   0.83333
1141.71128   0.11905	   0.04762	   0.83333
1142.67884   0.11905	   0.04762	   0.83333
1143.64639   0.11905	   0.04762	   0.83333
1144.61394   0.11905	   0.04762	   0.83333
1145.58149   0.11905	   0.04762	   0.83333
1146.54904   0.11905	   0.04762	   0.83333
1147.51660   0.11905	   0.04762	   0.83333
1148.48415   0.11905	   0.04762	   0.83333
1149.45170   0.11905	   0.04762	   0.83333
1150.41925   0.11905	   0.04762	   0.83333
1151.38680   0.11905	   0.04762	   0.83333
1152.35436   0.11905	   0.04762	   0.83333
1153.32191   0.11905	   0.04762	   0.83333
1154.28946   0.11905	   0.04762	   0.83333
1155.25701   0.11905	   0.04762	   0.83333
1156.22456   0.11905	   0.04762	   0.83333
1157.19212   0.11905	   0.04762	   0.83333
1158.15967   0.11905	   0.02381	   0.85714
1159.12722   0.11905	   0.04762	   0.83333
1160.09477   0.11905	   0.04762	   0.83333
1161.06232   0.11905	   0.04762	   0.83333
1162.02988   0.11905	   0.04762	   0.83333
1162.99743   0.11905	   0.04762	   0.83333
1163.96498   0.11905	   0.02381	   0.85714
1164.93253   0.11905	   0.02381	   0.85714
1165.90008   0.11905	   0.02381	   0.85714
1166.86764   0.11905	   0.02381	   0.85714
1167.83519   0.11905	   0.02381	   0.85714
1168.80274   0.11905	   0.02381	   0.85714
1169.77029   0.11905	   0.02381	   0.85714
1170.73784   0.11905	   0.02381	   0.85714
1171.70539   0.11905	   0.02381	   0.85714
1172.67295   0.11905	   0.02381	   0.85714
1173.64050   0.11905	   0.04762	   0.83333
1174.60805   0.11905	   0.04762	   0.83333
1175.57560   0.11905	   0.04762	   0.83333
1176.54315   0.11905	   0.04762	   0.83333
1177.51071   0.11905	   0.04762	   0.83333
1178.47826   0.11905	   0.04762	   0.83333
1179.44581   0.11905	   0.02381	   0.85714
1180.41336   0.11905	   0.04762	   0.83333
1181.38091   0.11905	   0.04762	   0.83333
1182.34847   0.11905	   0.04762	   0.83333
1183.31602   0.11905	   0.04762	   0.83333
1184.28357   0.11905	   0.04762	   0.83333
1185.25112   0.11905	   0.04762	   0.83333
1186.21867   0.09524	   0.07143	   0.83333
1187.18623   0.09524	   0.07143	   0.83333
1188.15378   0.09524	   0.07143	   0.83333
1189.12133   0.09524	   0.07143	   0.83333
1190.08888   0.09524	   0.07143	   0.83333
1191.05643   0.11905	   0.04762	   0.83333
1192.02399   0.11905	   0.04762	   0.83333
1192.99154   0.09524	   0.07143	   0.83333
1193.95909   0.09524	   0.07143	   0.83333
1194.92664   0.09524	   0.07143	   0.83333
1195.89419   0.09524	   0.07143	   0.83333
1196.86175   0.09524	   0.04762	   0.85714
1197.82930   0.09524	   0.04762	   0.85714
1198.79685   0.09524	   0.04762	   0.85714
1199.76440   0.09524	   0.04762	   0.85714
1200.73195   0.09524	   0.04762	   0.85714
1201.69950   0.09524	   0.04762	   0.85714
1202.66706   0.09524	   0.04762	   0.85714
1203.63461   0.09524	   0.04762	   0.85714
1204.60216   0.09524	   0.04762	   0.85714
1205.56971   0.09524	   0.04762	   0.85714
1206.53726   0.09524	   0.04762	   0.85714
1207.50482   0.09524	   0.04762	   0.85714
1208.47237   0.09524	   0.04762	   0.85714
1209.43992   0.09524	   0.04762	   0.85714
1210.40747   0.09524	   0.04762	   0.85714
1211.37502   0.09524	   0.04762	   0.85714
1212.34258   0.09524	   0.04762	   0.85714
1213.31013   0.09524	   0.04762	   0.85714
1214.27768   0.09524	   0.04762	   0.85714
1215.24523   0.09524	   0.04762	   0.85714
1216.21278   0.09524	   0.04762	   0.85714
1217.18034   0.07143	   0.07143	   0.85714
1218.14789   0.07143	   0.07143	   0.85714
1219.11544   0.07143	   0.07143	   0.85714
1220.08299   0.07143	   0.07143	   0.85714
1221.05054   0.07143	   0.07143	   0.85714
1222.01810   0.07143	   0.07143	   0.85714
1222.98565   0.07143	   0.07143	   0.85714
1223.95320   0.07143	   0.07143	   0.85714
1224.92075   0.07143	   0.09524	   0.83333
1225.88830   0.07143	   0.09524	   0.83333
1226.85586   0.07143	   0.09524	   0.83333
1227.82341   0.07143	   0.09524	   0.83333
1228.79096   0.07143	   0.09524	   0.83333
1229.75851   0.09524	   0.07143	   0.83333
1230.72606   0.09524	   0.07143	   0.83333
1231.69362   0.09524	   0.07143	   0.83333
1232.66117   0.09524	   0.07143	   0.83333
1233.62872   0.09524	   0.07143	   0.83333
1234.59627   0.09524	   0.07143	   0.83333
1235.56382   0.09524	   0.07143	   0.83333
1236.53137   0.09524	   0.07143	   0.83333
1237.49893   0.09524	   0.07143	   0.83333
1238.46648   0.09524	   0.07143	   0.83333
1239.43403   0.09524	   0.07143	   0.83333
1240.40158   0.09524	   0.07143	   0.83333
1241.36913   0.09524	   0.07143	   0.83333
1242.33669   0.09524	   0.07143	   0.83333
1243.30424   0.09524	   0.02381	   0.88095
1244.27179   0.09524	   0.02381	   0.88095
1245.23934   0.09524	   0.02381	   0.88095
1246.20689   0.09524	   0.02381	   0.88095
1247.17445   0.09524	   0.02381	   0.88095
1248.14200   0.09524	   0.02381	   0.88095
1249.10955   0.09524	   0.02381	   0.88095
1250.07710   0.09524	   0.04762	   0.85714
1251.04465   0.09524	   0.04762	   0.85714
1252.01221   0.09524	   0.04762	   0.85714
1252.97976   0.09524	   0.02381	   0.88095
1253.94731   0.09524	   0.02381	   0.88095
1254.91486   0.09524	   0.02381	   0.88095
1255.88241   0.09524	   0.02381	   0.88095
1256.84997   0.09524	   0.02381	   0.88095
1257.81752   0.09524	   0.00000	   0.90476
1258.78507   0.09524	   0.00000	   0.90476
1259.75262   0.09524	   0.00000	   0.90476
1260.72017   0.09524	   0.00000	   0.90476
1261.68773   0.09524	   0.00000	   0.90476
1262.65528   0.09524	   0.00000	   0.90476
1263.62283   0.09524	   0.02381	   0.88095
1264.59038   0.09524	   0.02381	   0.88095
1265.55793   0.09524	   0.00000	   0.90476
1266.52548   0.09524	   0.00000	   0.90476
1267.49304   0.09524	   0.02381	   0.88095
1268.46059   0.09524	   0.02381	   0.88095
1269.42814   0.09524	   0.02381	   0.88095
1270.39569   0.09524	   0.02381	   0.88095
1271.36324   0.09524	   0.02381	   0.88095
1272.33080   0.09524	   0.02381	   0.88095
1273.29835   0.09524	   0.00000	   0.90476
1274.26590   0.09524	   0.00000	   0.90476
1275.23345   0.09524	   0.00000	   0.90476
1276.20100   0.09524	   0.00000	   0.90476
1277.16856   0.07143	   0.02381	   0.90476
1278.13611   0.07143	   0.02381	   0.90476
1279.10366   0.07143	   0.02381	   0.90476
1280.07121   0.07143	   0.02381	   0.90476
1281.03876   0.07143	   0.02381	   0.90476
1282.00632   0.09524	   0.00000	   0.90476
1282.97387   0.09524	   0.00000	   0.90476
1283.94142   0.09524	   0.00000	   0.90476
1284.90897   0.07143	   0.02381	   0.90476
1285.87652   0.07143	   0.02381	   0.90476
1286.84408   0.07143	   0.02381	   0.90476
1287.81163   0.07143	   0.02381	   0.90476
1288.77918   0.07143	   0.02381	   0.90476
1289.74673   0.07143	   0.02381	   0.90476
1290.71428   0.07143	   0.02381	   0.90476
1291.68184   0.07143	   0.02381	   0.90476
1292.64939   0.07143	   0.02381	   0.90476
1293.61694   0.07143	   0.02381	   0.90476
1294.58449   0.07143	   0.02381	   0.90476
1295.55204   0.07143	   0.02381	   0.90476
1296.51959   0.07143	   0.02381	   0.90476
1297.48715   0.07143	   0.02381	   0.90476
1298.45470   0.07143	   0.02381	   0.90476
1299.42225   0.07143	   0.02381	   0.90476
1300.38980   0.07143	   0.02381	   0.90476
1301.35735   0.07143	   0.02381	   0.90476
1302.32491   0.07143	   0.02381	   0.90476
1303.29246   0.07143	   0.02381	   0.90476
1304.26001   0.07143	   0.02381	   0.90476
1305.22756   0.07143	   0.02381	   0.90476
1306.19511   0.07143	   0.02381	   0.90476
1307.16267   0.07143	   0.02381	   0.90476
1308.13022   0.07143	   0.02381	   0.90476
1309.09777   0.07143	   0.02381	   0.90476
1310.06532   0.07143	   0.02381	   0.90476
1311.03287   0.07143	   0.02381	   0.90476
1312.00043   0.07143	   0.02381	   0.90476
1312.96798   0.07143	   0.02381	   0.90476
1313.93553   0.07143	   0.02381	   0.90476
1314.90308   0.07143	   0.02381	   0.90476
1315.87063   0.07143	   0.02381	   0.90476
1316.83819   0.07143	   0.02381	   0.90476
1317.80574   0.07143	   0.02381	   0.90476
1318.77329   0.07143	   0.02381	   0.90476
1319.74084   0.07143	   0.02381	   0.90476
1320.70839   0.07143	   0.02381	   0.90476
1321.67595   0.07143	   0.02381	   0.90476
1322.64350   0.07143	   0.02381	   0.90476
1323.61105   0.07143	   0.02381	   0.90476
1324.57860   0.07143	   0.02381	   0.90476
1325.54615   0.07143	   0.02381	   0.90476
1326.51370   0.07143	   0.02381	   0.90476
1327.48126   0.07143	   0.02381	   0.90476
1328.44881   0.07143	   0.02381	   0.90476
1329.41636   0.07143	   0.02381	   0.90476
1330.38391   0.07143	   0.02381	   0.90476
1331.35146   0.07143	   0.02381	   0.90476
1332.31902   0.07143	   0.02381	   0.90476
1333.28657   0.07143	   0.02381	   0.90476
1334.25412   0.07143	   0.02381	   0.90476
1335.22167   0.07143	   0.02381	   0.90476
1336.18922   0.07143	   0.02381	   0.90476
1337.15678   0.07143	   0.02381	   0.90476
1338.12433   0.07143	   0.02381	   0.90476
1339.09188   0.07143	   0.02381	   0.90476
1340.05943   0.07143	   0.02381	   0.90476
1341.02698   0.07143	   0.02381	   0.90476
1341.99454   0.07143	   0.02381	   0.90476
1342.96209   0.07143	   0.02381	   0.90476
1343.92964   0.07143	   0.02381	   0.90476
1344.89719   0.07143	   0.02381	   0.90476
1345.86474   0.07143	   0.02381	   0.90476
1346.83230   0.07143	   0.02381	   0.90476
1347.79985   0.07143	   0.02381	   0.90476
1348.76740   0.07143	   0.02381	   0.90476
1349.73495   0.07143	   0.02381	   0.90476
1350.70250   0.07143	   0.02381	   0.90476
1351.67006   0.07143	   0.02381	   0.90476
1352.63761   0.07143	   0.02381	   0.90476
1353.60516   0.07143	   0.02381	   0.90476
1354.57271   0.07143	   0.02381	   0.90476
1355.54026   0.07143	   0.02381	   0.90476
1356.50781   0.07143	   0.02381	   0.90476
1357.47537   0.07143	   0.02381	   0.90476
1358.44292   0.07143	   0.02381	   0.90476
1359.41047   0.07143	   0.02381	   0.90476
1360.37802   0.07143	   0.02381	   0.90476
1361.34557   0.07143	   0.02381	   0.90476
1362.31313   0.07143	   0.02381	   0.90476
1363.28068   0.07143	   0.02381	   0.90476
1364.24823   0.07143	   0.02381	   0.90476
1365.21578   0.07143	   0.02381	   0.90476
1366.18333   0.07143	   0.02381	   0.90476
1367.15089   0.07143	   0.02381	   0.90476
1368.11844   0.07143	   0.02381	   0.90476
1369.08599   0.07143	   0.02381	   0.90476
1370.05354   0.07143	   0.02381	   0.90476
1371.02109   0.07143	   0.02381	   0.90476
1371.98865   0.07143	   0.02381	   0.90476
1372.95620   0.07143	   0.02381	   0.90476
1373.92375   0.07143	   0.02381	   0.90476
1374.89130   0.07143	   0.02381	   0.90476
1375.85885   0.07143	   0.02381	   0.90476
1376.82641   0.07143	   0.02381	   0.90476
1377.79396   0.07143	   0.02381	   0.90476
1378.76151   0.07143	   0.02381	   0.90476
1379.72906   0.07143	   0.02381	   0.90476
1380.69661   0.07143	   0.02381	   0.90476
1381.66417   0.07143	   0.02381	   0.90476
1382.63172   0.07143	   0.02381	   0.90476
1383.59927   0.07143	   0.02381	   0.90476
1384.56682   0.07143	   0.02381	   0.90476
1385.53437   0.07143	   0.02381	   0.90476
1386.50192   0.07143	   0.02381	   0.90476
1387.46948   0.07143	   0.02381	   0.90476
1388.43703   0.07143	   0.02381	   0.90476
1389.40458   0.07143	   0.02381	   0.90476
1390.37213   0.07143	   0.02381	   0.90476
1391.33968   0.07143	   0.02381	   0.90476
1392.30724   0.07143	   0.02381	   0.90476
1393.27479   0.07143	   0.02381	   0.90476
1394.24234   0.07143	   0.02381	   0.90476
1395.20989   0.07143	   0.02381	   0.90476
1396.17744   0.07143	   0.02381	   0.90476
1397.14500   0.07143	   0.02381	   0.90476
1398.11255   0.07143	   0.02381	   0.90476
1399.08010   0.07143	   0.02381	   0.90476
1400.04765   0.07143	   0.02381	   0.90476
1401.01520   0.07143	   0.02381	   0.90476
1401.98276   0.07143	   0.02381	   0.90476
1402.95031   0.07143	   0.02381	   0.90476
1403.91786   0.07143	   0.02381	   0.90476
1404.88541   0.07143	   0.02381	   0.90476
1405.85296   0.07143	   0.02381	   0.90476
1406.82052   0.07143	   0.02381	   0.90476
1407.78807   0.07143	   0.02381	   0.90476
1408.75562   0.07143	   0.02381	   0.90476
1409.72317   0.07143	   0.02381	   0.90476
1410.69072   0.07143	   0.02381	   0.90476
1411.65828   0.07143	   0.02381	   0.90476
1412.62583   0.07143	   0.02381	   0.90476
1413.59338   0.07143	   0.02381	   0.90476
1414.56093   0.07143	   0.02381	   0.90476
1415.52848   0.07143	   0.02381	   0.90476
1416.49603   0.07143	   0.02381	   0.90476
1417.46359   0.07143	   0.02381	   0.90476
1418.43114   0.07143	   0.02381	   0.90476
1419.39869   0.07143	   0.02381	   0.90476
1420.36624   0.07143	   0.02381	   0.90476
1421.33379   0.07143	   0.02381	   0.90476
1422.30135   0.07143	   0.02381	   0.90476
1423.26890   0.07143	   0.02381	   0.90476
1424.23645   0.07143	   0.02381	   0.90476
1425.20400   0.07143	   0.02381	   0.90476
1426.17155   0.07143	   0.02381	   0.90476
1427.13911   0.07143	   0.02381	   0.90476
1428.10666   0.07143	   0.00000	   0.92857
1429.07421   0.07143	   0.00000	   0.92857
1430.04176   0.07143	   0.00000	   0.92857
1431.00931   0.07143	   0.00000	   0.92857
1431.97687   0.07143	   0.00000	   0.92857
1432.94442   0.07143	   0.00000	   0.92857
1433.91197   0.07143	   0.00000	   0.92857
1434.87952   0.07143	   0.00000	   0.92857
1435.84707   0.07143	   0.00000	   0.92857
1436.81463   0.07143	   0.00000	   0.92857
1437.78218   0.07143	   0.00000	   0.92857
1438.74973   0.07143	   0.00000	   0.92857
1439.71728   0.07143	   0.00000	   0.92857
1440.68483   0.07143	   0.00000	   0.92857
1441.65239   0.07143	   0.00000	   0.92857
1442.61994   0.07143	   0.00000	   0.92857
1443.58749   0.07143	   0.00000	   0.92857
1444.55504   0.07143	   0.00000	   0.92857
1445.52259   0.07143	   0.00000	   0.92857
1446.49014   0.07143	   0.00000	   0.92857
1447.45770   0.07143	   0.00000	   0.92857
1448.42525   0.07143	   0.00000	   0.92857
1449.39280   0.07143	   0.00000	   0.92857
1450.36035   0.07143	   0.00000	   0.92857
1451.32790   0.07143	   0.00000	   0.92857
1452.29546   0.07143	   0.00000	   0.92857
1453.26301   0.07143	   0.00000	   0.92857
1454.23056   0.07143	   0.00000	   0.92857
1455.19811   0.07143	   0.00000	   0.92857
1456.16566   0.07143	   0.00000	   0.92857
1457.13322   0.07143	   0.00000	   0.92857
1458.10077   0.07143	   0.00000	   0.92857
1459.06832   0.07143	   0.00000	   0.92857
1460.03587   0.07143	   0.00000	   0.92857
1461.00342   0.07143	   0.00000	   0.92857
1461.97098   0.07143	   0.00000	   0.92857
1462.93853   0.07143	   0.00000	   0.92857
1463.90608   0.07143	   0.00000	   0.92857
1464.87363   0.07143	   0.00000	   0.92857
1465.84118   0.07143	   0.00000	   0.92857
1466.80874   0.07143	   0.00000	   0.92857
1467.77629   0.07143	   0.00000	   0.92857
1468.74384   0.07143	   0.00000	   0.92857
1469.71139   0.07143	   0.00000	   0.92857
1470.67894   0.07143	   0.00000	   0.92857
1471.64650   0.07143	   0.00000	   0.92857
1472.61405   0.07143	   0.00000	   0.92857
1473.58160   0.07143	   0.00000	   0.92857
1474.54915   0.07143	   0.00000	   0.92857
1475.51670   0.07143	   0.00000	   0.92857
1476.48425   0.07143	   0.00000	   0.92857
1477.45181   0.07143	   0.00000	   0.92857
1478.41936   0.07143	   0.00000	   0.92857
1479.38691   0.07143	   0.00000	   0.92857
1480.35446   0.07143	   0.00000	   0.92857
1481.32201   0.07143	   0.00000	   0.92857
1482.28957   0.07143	   0.00000	   0.92857
1483.25712   0.07143	   0.00000	   0.92857
1484.22467   0.07143	   0.00000	   0.92857
1485.19222   0.07143	   0.00000	   0.92857
1486.15977   0.07143	   0.00000	   0.92857
1487.12733   0.07143	   0.00000	   0.92857
1488.09488   0.07143	   0.00000	   0.92857
1489.06243   0.07143	   0.00000	   0.92857
1490.02998   0.07143	   0.00000	   0.92857
1490.99753   0.07143	   0.00000	   0.92857
1491.96509   0.07143	   0.00000	   0.92857
1492.93264   0.07143	   0.00000	   0.92857
1493.90019   0.07143	   0.00000	   0.92857
1494.86774   0.07143	   0.00000	   0.92857
1495.83529   0.07143	   0.00000	   0.92857
1496.80285   0.04762	   0.00000	   0.95238
1497.77040   0.07143	   0.00000	   0.92857
1498.73795   0.07143	   0.00000	   0.92857
1499.70550   0.07143	   0.00000	   0.92857
1500.67305   0.07143	   0.00000	   0.92857
1501.64061   0.07143	   0.00000	   0.92857
1502.60816   0.07143	   0.00000	   0.92857
1503.57571   0.07143	   0.00000	   0.92857
1504.54326   0.07143	   0.00000	   0.92857
1505.51081   0.07143	   0.00000	   0.92857
1506.47836   0.07143	   0.00000	   0.92857
1507.44592   0.07143	   0.00000	   0.92857
1508.41347   0.07143	   0.00000	   0.92857
1509.38102   0.07143	   0.00000	   0.92857
1510.34857   0.07143	   0.00000	   0.92857
1511.31612   0.07143	   0.00000	   0.92857
1512.28368   0.07143	   0.00000	   0.92857
1513.25123   0.07143	   0.00000	   0.92857
1514.21878   0.07143	   0.00000	   0.92857
1515.18633   0.07143	   0.00000	   0.92857
1516.15388   0.07143	   0.00000	   0.92857
1517.12144   0.07143	   0.00000	   0.92857
1518.08899   0.07143	   0.00000	   0.92857
1519.05654   0.07143	   0.00000	   0.92857
1520.02409   0.07143	   0.00000	   0.92857
1520.99164   0.07143	   0.00000	   0.92857
1521.95920   0.07143	   0.00000	   0.92857
1522.92675   0.04762	   0.02381	   0.92857
1523.89430   0.04762	   0.02381	   0.92857
1524.86185   0.04762	   0.02381	   0.92857
1525.82940   0.04762	   0.02381	   0.92857
1526.79696   0.04762	   0.02381	   0.92857
1527.76451   0.04762	   0.02381	   0.92857
1528.73206   0.04762	   0.02381	   0.92857
1529.69961   0.04762	   0.00000	   0.95238
1530.66716   0.04762	   0.02381	   0.92857
1531.63472   0.04762	   0.00000	   0.95238
1532.60227   0.04762	   0.00000	   0.95238
1533.56982   0.04762	   0.00000	   0.95238
1534.53737   0.04762	   0.00000	   0.95238
1535.50492   0.04762	   0.00000	   0.95238
1536.47247   0.04762	   0.00000	   0.95238
1537.44003   0.04762	   0.00000	   0.95238
1538.40758   0.04762	   0.00000	   0.95238
1539.37513   0.04762	   0.00000	   0.95238
1540.34268   0.04762	   0.00000	   0.95238
1541.31023   0.04762	   0.00000	   0.95238
1542.27779   0.04762	   0.00000	   0.95238
1543.24534   0.04762	   0.00000	   0.95238
1544.21289   0.04762	   0.00000	   0.95238
1545.18044   0.04762	   0.00000	   0.95238
1546.14799   0.04762	   0.00000	   0.95238
1547.11555   0.04762	   0.00000	   0.95238
1548.08310   0.04762	   0.00000	   0.95238
1549.05065   0.04762	   0.00000	   0.95238
1550.01820   0.04762	   0.00000	   0.95238
1550.98575   0.04762	   0.00000	   0.95238
1551.95331   0.04762	   0.00000	   0.95238
1552.92086   0.04762	   0.00000	   0.95238
1553.88841   0.04762	   0.00000	   0.95238
1554.85596   0.04762	   0.00000	   0.95238
1555.82351   0.04762	   0.00000	   0.95238
1556.79107   0.04762	   0.00000	   0.95238
1557.75862   0.04762	   0.00000	   0.95238
1558.72617   0.04762	   0.00000	   0.95238
1559.69372   0.04762	   0.00000	   0.95238
1560.66127   0.04762	   0.00000	   0.95238
1561.62883   0.04762	   0.00000	   0.95238
1562.59638   0.04762	   0.00000	   0.95238
1563.56393   0.04762	   0.00000	   0.95238
1564.53148   0.04762	   0.00000	   0.95238
1565.49903   0.04762	   0.00000	   0.95238
1566.46658   0.04762	   0.00000	   0.95238
1567.43414   0.04762	   0.00000	   0.95238
1568.40169   0.04762	   0.00000	   0.95238
1569.36924   0.04762	   0.00000	   0.95238
1570.33679   0.04762	   0.00000	   0.95238
1571.30434   0.04762	   0.00000	   0.95238
1572.27190   0.04762	   0.00000	   0.95238
1573.23945   0.04762	   0.00000	   0.95238
1574.20700   0.04762	   0.00000	   0.95238
1575.17455   0.04762	   0.00000	   0.95238
1576.14210   0.04762	   0.00000	   0.95238
1577.10966   0.04762	   0.00000	   0.95238
1578.07721   0.04762	   0.00000	   0.95238
1579.04476   0.04762	   0.00000	   0.95238
1580.01231   0.04762	   0.00000	   0.95238
1580.97986   0.04762	   0.00000	   0.95238
1581.94742   0.04762	   0.00000	   0.95238
1582.91497   0.04762	   0.00000	   0.95238
1583.88252   0.04762	   0.00000	   0.95238
1584.85007   0.04762	   0.00000	   0.95238
1585.81762   0.04762	   0.00000	   0.95238
1586.78518   0.04762	   0.00000	   0.95238
1587.75273   0.04762	   0.00000	   0.95238
1588.72028   0.04762	   0.00000	   0.95238
1589.68783   0.04762	   0.00000	   0.95238
1590.65538   0.04762	   0.00000	   0.95238
1591.62294   0.04762	   0.00000	   0.95238
1592.59049   0.02381	   0.02381	   0.95238
1593.55804   0.02381	   0.02381	   0.95238
1594.52559   0.02381	   0.02381	   0.95238
1595.49314   0.02381	   0.02381	   0.95238
1596.46070   0.02381	   0.02381	   0.95238
1597.42825   0.02381	   0.02381	   0.95238
1598.39580   0.02381	   0.02381	   0.95238
1599.36335   0.02381	   0.02381	   0.95238
1600.33090   0.02381	   0.02381	   0.95238
1601.29845   0.02381	   0.02381	   0.95238
1602.26601   0.02381	   0.02381	   0.95238
1603.23356   0.02381	   0.02381	   0.95238
1604.20111   0.02381	   0.02381	   0.95238
1605.16866   0.02381	   0.02381	   0.95238
1606.13621   0.02381	   0.02381	   0.95238
1607.10377   0.02381	   0.02381	   0.95238
1608.07132   0.02381	   0.02381	   0.95238
1609.03887   0.02381	   0.02381	   0.95238
1610.00642   0.02381	   0.02381	   0.95238
1610.97397   0.02381	   0.02381	   0.95238
1611.94153   0.02381	   0.02381	   0.95238
1612.90908   0.02381	   0.02381	   0.95238
1613.87663   0.02381	   0.02381	   0.95238
1614.84418   0.02381	   0.02381	   0.95238
1615.81173   0.02381	   0.02381	   0.95238
1616.77929   0.02381	   0.02381	   0.95238
1617.74684   0.02381	   0.02381	   0.95238
1618.71439   0.02381	   0.02381	   0.95238
1619.68194   0.02381	   0.02381	   0.95238
1620.64949   0.02381	   0.02381	   0.95238
1621.61705   0.02381	   0.02381	   0.95238
1622.58460   0.02381	   0.02381	   0.95238
1623.55215   0.02381	   0.02381	   0.95238
1624.51970   0.02381	   0.02381	   0.95238
1625.48725   0.02381	   0.02381	   0.95238
1626.45481   0.02381	   0.02381	   0.95238
1627.42236   0.02381	   0.02381	   0.95238
1628.38991   0.02381	   0.02381	   0.95238
1629.35746   0.02381	   0.02381	   0.95238
1630.32501   0.02381	   0.02381	   0.95238
1631.29256   0.02381	   0.02381	   0.95238
1632.26012   0.02381	   0.02381	   0.95238
1633.22767   0.02381	   0.02381	   0.95238
1634.19522   0.02381	   0.02381	   0.95238
1635.16277   0.02381	   0.02381	   0.95238
1636.13032   0.02381	   0.02381	   0.95238
1637.09788   0.02381	   0.02381	   0.95238
1638.06543   0.02381	   0.02381	   0.95238
1639.03298   0.02381	   0.02381	   0.95238
1640.00053   0.02381	   0.02381	   0.95238
1640.96808   0.02381	   0.02381	   0.95238
1641.93564   0.02381	   0.02381	   0.95238
1642.90319   0.02381	   0.02381	   0.95238
1643.87074   0.02381	   0.02381	   0.95238
1644.83829   0.02381	   0.02381	   0.95238
1645.80584   0.02381	   0.02381	   0.95238
1646.77340   0.02381	   0.02381	   0.95238
1647.74095   0.02381	   0.02381	   0.95238
1648.70850   0.02381	   0.02381	   0.95238
1649.67605   0.02381	   0.02381	   0.95238
1650.64360   0.02381	   0.02381	   0.95238
1651.61116   0.02381	   0.02381	   0.95238
1652.57871   0.02381	   0.02381	   0.95238
1653.54626   0.02381	   0.02381	   0.95238
1654.51381   0.02381	   0.02381	   0.95238
1655.48136   0.02381	   0.02381	   0.95238
1656.44892   0.02381	   0.02381	   0.95238
1657.41647   0.02381	   0.02381	   0.95238
1658.38402   0.02381	   0.02381	   0.95238
1659.35157   0.02381	   0.02381	   0.95238
1660.31912   0.02381	   0.02381	   0.95238
1661.28667   0.02381	   0.02381	   0.95238
1662.25423   0.02381	   0.02381	   0.95238
1663.22178   0.02381	   0.02381	   0.95238
1664.18933   0.02381	   0.02381	   0.95238
1665.15688   0.02381	   0.02381	   0.95238
1666.12443   0.02381	   0.02381	   0.95238
1667.09199   0.02381	   0.02381	   0.95238
1668.05954   0.02381	   0.02381	   0.95238
1669.02709   0.02381	   0.02381	   0.95238
1669.99464   0.02381	   0.02381	   0.95238
1670.96219   0.02381	   0.02381	   0.95238
1671.92975   0.02381	   0.02381	   0.95238
1672.89730   0.02381	   0.02381	   0.95238
1673.86485   0.02381	   0.02381	   0.95238
1674.83240   0.02381	   0.02381	   0.95238
1675.79995   0.02381	   0.02381	   0.95238
1676.76751   0.02381	   0.02381	   0.95238
1677.73506   0.02381	   0.02381	   0.95238
1678.70261   0.02381	   0.02381	   0.95238
1679.67016   0.02381	   0.02381	   0.95238
1680.63771   0.02381	   0.02381	   0.95238
1681.60527   0.02381	   0.02381	   0.95238
1682.57282   0.02381	   0.02381	   0.95238
1683.54037   0.02381	   0.02381	   0.95238
1684.50792   0.02381	   0.02381	   0.95238
1685.47547   0.02381	   0.02381	   0.95238
1686.44303   0.02381	   0.02381	   0.95238
1687.41058   0.02381	   0.02381	   0.95238
1688.37813   0.02381	   0.02381	   0.95238
1689.34568   0.02381	   0.02381	   0.95238
1690.31323   0.02381	   0.02381	   0.95238
1691.28078   0.02381	   0.02381	   0.95238
1692.24834   0.02381	   0.02381	   0.95238
1693.21589   0.02381	   0.02381	   0.95238
1694.18344   0.02381	   0.02381	   0.95238
1695.15099   0.02381	   0.02381	   0.95238
1696.11854   0.02381	   0.02381	   0.95238
1697.08610   0.02381	   0.02381	   0.95238
1698.05365   0.02381	   0.02381	   0.95238
1699.02120   0.02381	   0.02381	   0.95238
1699.98875   0.02381	   0.02381	   0.95238
1700.95630   0.02381	   0.02381	   0.95238
1701.92386   0.02381	   0.02381	   0.95238
1702.89141   0.02381	   0.02381	   0.95238
1703.85896   0.02381	   0.02381	   0.95238
1704.82651   0.02381	   0.02381	   0.95238
1705.79406   0.02381	   0.02381	   0.95238
1706.76162   0.02381	   0.02381	   0.95238
1707.72917   0.02381	   0.02381	   0.95238
1708.69672   0.02381	   0.02381	   0.95238
1709.66427   0.02381	   0.02381	   0.95238
1710.63182   0.02381	   0.02381	   0.95238
1711.59938   0.02381	   0.02381	   0.95238
1712.56693   0.02381	   0.02381	   0.95238
1713.53448   0.02381	   0.02381	   0.95238
1714.50203   0.02381	   0.02381	   0.95238
1715.46958   0.02381	   0.02381	   0.95238
1716.43714   0.02381	   0.02381	   0.95238
1717.40469   0.02381	   0.02381	   0.95238
1718.37224   0.02381	   0.02381	   0.95238
1719.33979   0.02381	   0.02381	   0.95238
1720.30734   0.02381	   0.02381	   0.95238
1721.27489   0.02381	   0.02381	   0.95238
1722.24245   0.02381	   0.02381	   0.95238
1723.21000   0.02381	   0.02381	   0.95238
1724.17755   0.02381	   0.02381	   0.95238
1725.14510   0.02381	   0.02381	   0.95238
1726.11265   0.02381	   0.02381	   0.95238
1727.08021   0.02381	   0.02381	   0.95238
1728.04776   0.02381	   0.02381	   0.95238
1729.01531   0.02381	   0.02381	   0.95238
1729.98286   0.02381	   0.02381	   0.95238
1730.95041   0.02381	   0.02381	   0.95238
1731.91797   0.02381	   0.02381	   0.95238
1732.88552   0.02381	   0.02381	   0.95238
1733.85307   0.02381	   0.02381	   0.95238
1734.82062   0.02381	   0.02381	   0.95238
1735.78817   0.02381	   0.02381	   0.95238
1736.75573   0.02381	   0.02381	   0.95238
1737.72328   0.02381	   0.02381	   0.95238
1738.69083   0.02381	   0.02381	   0.95238
1739.65838   0.02381	   0.02381	   0.95238
1740.62593   0.02381	   0.02381	   0.95238
1741.59349   0.02381	   0.02381	   0.95238
1742.56104   0.02381	   0.02381	   0.95238
1743.52859   0.02381	   0.02381	   0.95238
1744.49614   0.02381	   0.00000	   0.97619
1745.46369   0.02381	   0.00000	   0.97619
1746.43125   0.02381	   0.00000	   0.97619
1747.39880   0.02381	   0.02381	   0.95238
1748.36635   0.02381	   0.02381	   0.95238
1749.33390   0.02381	   0.02381	   0.95238
1750.30145   0.02381	   0.02381	   0.95238
1751.26900   0.02381	   0.02381	   0.95238
1752.23656   0.02381	   0.02381	   0.95238
1753.20411   0.02381	   0.00000	   0.97619
1754.17166   0.02381	   0.00000	   0.97619
1755.13921   0.02381	   0.02381	   0.95238
1756.10676   0.02381	   0.02381	   0.95238
1757.07432   0.02381	   0.02381	   0.95238
1758.04187   0.02381	   0.02381	   0.95238
1759.00942   0.02381	   0.00000	   0.97619
1759.97697   0.02381	   0.00000	   0.97619
1760.94452   0.02381	   0.00000	   0.97619
1761.91208   0.02381	   0.00000	   0.97619
1762.87963   0.02381	   0.00000	   0.97619
1763.84718   0.02381	   0.00000	   0.97619
1764.81473   0.02381	   0.00000	   0.97619
1765.78228   0.02381	   0.00000	   0.97619
1766.74984   0.02381	   0.00000	   0.97619
1767.71739   0.02381	   0.00000	   0.97619
1768.68494   0.02381	   0.00000	   0.97619
1769.65249   0.02381	   0.00000	   0.97619
1770.62004   0.02381	   0.00000	   0.97619
1771.58760   0.02381	   0.00000	   0.97619
1772.55515   0.02381	   0.00000	   0.97619
1773.52270   0.02381	   0.00000	   0.97619
1774.49025   0.02381	   0.00000	   0.97619
1775.45780   0.02381	   0.00000	   0.97619
1776.42536   0.02381	   0.00000	   0.97619
1777.39291   0.02381	   0.00000	   0.97619
1778.36046   0.02381	   0.00000	   0.97619
1779.32801   0.02381	   0.00000	   0.97619
1780.29556   0.02381	   0.00000	   0.97619
1781.26311   0.02381	   0.00000	   0.97619
1782.23067   0.02381	   0.00000	   0.97619
1783.19822   0.02381	   0.00000	   0.97619
1784.16577   0.02381	   0.00000	   0.97619
1785.13332   0.02381	   0.00000	   0.97619
1786.10087   0.02381	   0.00000	   0.97619
1787.06843   0.02381	   0.00000	   0.97619
1788.03598   0.02381	   0.00000	   0.97619
1789.00353   0.02381	   0.00000	   0.97619
1789.97108   0.02381	   0.00000	   0.97619
1790.93863   0.02381	   0.00000	   0.97619
1791.90619   0.02381	   0.00000	   0.97619
1792.87374   0.00000	   0.02381	   0.97619
1793.84129   0.00000	   0.02381	   0.97619
1794.80884   0.00000	   0.02381	   0.97619
1795.77639   0.00000	   0.02381	   0.97619
1796.74395   0.00000	   0.02381	   0.97619
1797.71150   0.00000	   0.02381	   0.97619
1798.67905   0.00000	   0.02381	   0.97619
1799.64660   0.00000	   0.02381	   0.97619
1800.61415   0.00000	   0.02381	   0.97619
1801.58171   0.00000	   0.02381	   0.97619
1802.54926   0.00000	   0.02381	   0.97619
1803.51681   0.00000	   0.02381	   0.97619
1804.48436   0.00000	   0.02381	   0.97619
1805.45191   0.00000	   0.02381	   0.97619
1806.41947   0.00000	   0.02381	   0.97619
1807.38702   0.00000	   0.02381	   0.97619
1808.35457   0.00000	   0.02381	   0.97619
1809.32212   0.00000	   0.02381	   0.97619
1810.28967   0.00000	   0.02381	   0.97619
1811.25722   0.00000	   0.02381	   0.97619
1812.22478   0.00000	   0.02381	   0.97619
1813.19233   0.00000	   0.02381	   0.97619
1814.15988   0.00000	   0.02381	   0.97619
1815.12743   0.00000	   0.02381	   0.97619
1816.09498   0.00000	   0.02381	   0.97619
1817.06254   0.00000	   0.00000	   1.00000
1818.03009   0.00000	   0.00000	   1.00000
1818.99764   0.00000	   0.00000	   1.00000
1819.96519   0.00000	   0.00000	   1.00000
1820.93274   0.00000	   0.00000	   1.00000
1821.90030   0.00000	   0.00000	   1.00000
1822.86785   0.00000	   0.00000	   1.00000
1823.83540   0.00000	   0.00000	   1.00000
1824.80295   0.00000	   0.00000	   1.00000
1825.77050   0.00000	   0.00000	   1.00000
1826.73806   0.00000	   0.00000	   1.00000
1827.70561   0.00000	   0.00000	   1.00000
1828.67316   0.00000	   0.00000	   1.00000
1829.64071   0.00000	   0.00000	   1.00000
1830.60826   0.00000	   0.00000	   1.00000
1831.57582   0.00000	   0.00000	   1.00000
1832.54337   0.00000	   0.00000	   1.00000
1833.51092   0.00000	   0.00000	   1.00000
1834.47847   0.00000	   0.00000	   1.00000
1835.44602   0.00000	   0.00000	   1.00000
1836.41358   0.00000	   0.00000	   1.00000
1837.38113   0.00000	   0.00000	   1.00000
1838.34868   0.00000	   0.00000	   1.00000
1839.31623   0.00000	   0.00000	   1.00000
1840.28378   0.00000	   0.00000	   1.00000
1841.25133   0.00000	   0.00000	   1.00000
1842.21889   0.00000	   0.00000	   1.00000
1843.18644   0.00000	   0.00000	   1.00000
1844.15399   0.00000	   0.00000	   1.00000
1845.12154   0.00000	   0.00000	   1.00000
1846.08909   0.00000	   0.00000	   1.00000
1847.05665   0.00000	   0.00000	   1.00000
1848.02420   0.00000	   0.00000	   1.00000
1848.99175   0.00000	   0.00000	   1.00000
1849.95930   0.00000	   0.00000	   1.00000
1850.92685   0.00000	   0.00000	   1.00000
1851.89441   0.00000	   0.00000	   1.00000
1852.86196   0.00000	   0.00000	   1.00000
1853.82951   0.00000	   0.00000	   1.00000
1854.79706   0.00000	   0.00000	   1.00000
1855.76461   0.00000	   0.00000	   1.00000
1856.73217   0.00000	   0.00000	   1.00000
1857.69972   0.00000	   0.00000	   1.00000
1858.66727   0.00000	   0.00000	   1.00000
1859.63482   0.00000	   0.00000	   1.00000
1860.60237   0.00000	   0.00000	   1.00000
1861.56993   0.00000	   0.00000	   1.00000
1862.53748   0.00000	   0.00000	   1.00000
1863.50503   0.00000	   0.00000	   1.00000
1864.47258   0.00000	   0.00000	   1.00000
1865.44013   0.00000	   0.00000	   1.00000
1866.40769   0.00000	   0.00000	   1.00000
1867.37524   0.00000	   0.00000	   1.00000
1868.34279   0.00000	   0.00000	   1.00000
1869.31034   0.00000	   0.00000	   1.00000
1870.27789   0.00000	   0.00000	   1.00000
1871.24544   0.00000	   0.00000	   1.00000
1872.21300   0.00000	   0.00000	   1.00000
1873.18055   0.00000	   0.00000	   1.00000
1874.14810   0.00000	   0.00000	   1.00000
1875.11565   0.00000	   0.00000	   1.00000
1876.08320   0.00000	   0.00000	   1.00000
1877.05076   0.00000	   0.00000	   1.00000
1878.01831   0.00000	   0.00000	   1.00000
1878.98586   0.00000	   0.00000	   1.00000
1879.95341   0.00000	   0.00000	   1.00000
1880.92096   0.00000	   0.00000	   1.00000
1881.88852   0.00000	   0.00000	   1.00000
1882.85607   0.00000	   0.00000	   1.00000
1883.82362   0.00000	   0.00000	   1.00000
1884.79117   0.00000	   0.00000	   1.00000
1885.75872   0.00000	   0.00000	   1.00000
1886.72628   0.00000	   0.00000	   1.00000
1887.69383   0.00000	   0.00000	   1.00000
1888.66138   0.00000	   0.00000	   1.00000
1889.62893   0.00000	   0.00000	   1.00000
1890.59648   0.00000	   0.00000	   1.00000
1891.56404   0.00000	   0.00000	   1.00000
1892.53159   0.00000	   0.00000	   1.00000
1893.49914   0.00000	   0.00000	   1.00000
1894.46669   0.00000	   0.00000	   1.00000
1895.43424   0.00000	   0.00000	   1.00000
1896.40180   0.00000	   0.00000	   1.00000
1897.36935   0.00000	   0.00000	   1.00000
1898.33690   0.00000	   0.00000	   1.00000
1899.30445   0.00000	   0.00000	   1.00000
1900.27200   0.00000	   0.00000	   1.00000
1901.23955   0.00000	   0.00000	   1.00000
1902.20711   0.00000	   0.00000	   1.00000
1903.17466   0.00000	   0.00000	   1.00000
1904.14221   0.00000	   0.00000	   1.00000
1905.10976   0.00000	   0.00000	   1.00000
1906.07731   0.00000	   0.00000	   1.00000
1907.04487   0.00000	   0.00000	   1.00000
1908.01242   0.00000	   0.00000	   1.00000
1908.97997   0.00000	   0.00000	   1.00000
1909.94752   0.00000	   0.00000	   1.00000
1910.91507   0.00000	   0.00000	   1.00000
1911.88263   0.00000	   0.00000	   1.00000
1912.85018   0.00000	   0.00000	   1.00000
1913.81773   0.00000	   0.00000	   1.00000
1914.78528   0.00000	   0.00000	   1.00000
1915.75283   0.00000	   0.00000	   1.00000
1916.72039   0.00000	   0.00000	   1.00000
1917.68794   0.00000	   0.00000	   1.00000
1918.65549   0.00000	   0.00000	   1.00000
1919.62304   0.00000	   0.00000	   1.00000
1920.59059   0.00000	   0.00000	   1.00000
1921.55815   0.00000	   0.00000	   1.00000
1922.52570   0.00000	   0.00000	   1.00000
1923.49325   0.00000	   0.00000	   1.00000
1924.46080   0.00000	   0.00000	   1.00000
1925.42835   0.00000	   0.00000	   1.00000
1926.39591   0.00000	   0.00000	   1.00000
1927.36346   0.00000	   0.00000	   1.00000
1928.33101   0.00000	   0.00000	   1.00000
1929.29856   0.00000	   0.00000	   1.00000
1930.26611   0.00000	   0.00000	   1.00000
1931.23367   0.00000	   0.00000	   1.00000
1932.20122   0.00000	   0.00000	   1.00000
1933.16877   0.00000	   0.00000	   1.00000
1934.13632   0.00000	   0.00000	   1.00000
