 0  -94.85398  -94.79279  -94.70893 
 1  -94.83415  -94.77551  -94.69438 
 2  -94.83830  -94.77982  -94.69860 
 3  -94.84398  -94.78571  -94.70434 
 4  -94.85001  -94.79201  -94.71047 
 5  -94.85513  -94.79746  -94.71573 
 6  -94.85828  -94.80101  -94.71909 
 7  -94.85892  -94.80214  -94.72002 
 8  -94.85734  -94.80112  -94.71618 
 9  -94.85477  -94.79917  -94.71144 
 10  -94.85297  -94.79800  -94.71272 
 11  -94.85344  -94.79914  -94.71632 
 12  -94.85659  -94.80304  -94.72012 
 13  -94.86154  -94.80881  -94.72573 
 14  -94.86651  -94.81468  -94.73140 
 15  -94.86971  -94.81886  -94.73535 
 16  -94.87005  -94.82027  -94.73655 
 17  -94.86735  -94.81873  -94.73481 
 18  -94.86216  -94.81478  -94.73072 
 19  -94.85550  -94.80944  -94.72532 
 20  -94.84857  -94.80391  -94.71982 
 21  -94.84249  -94.79930  -94.71535 
 22  -94.83812  -94.79648  -94.71279 
 23  -94.83589  -94.79584  -94.71254 
 24  -94.83568  -94.79728  -94.71450 
 25  -94.83688  -94.80016  -94.71805 
 26  -94.83847  -94.80347  -94.72216 
 27  -94.83929  -94.80602  -94.72564 
 28  -94.83826  -94.80675  -94.72741 
 29  -94.83479  -94.80503  -94.72681 
 30  -94.82909  -94.80108  -94.72402 
 31  -94.82232  -94.79603  -94.72015 
 32  -94.81632  -94.79174  -94.71699 
 33  -94.81286  -94.78995  -94.71627 
 34  -94.81263  -94.79135  -94.71863 
 35  -94.81483  -94.79514  -94.72328 
 36  -94.81762  -94.79949  -94.72837 
 37  -94.81904  -94.80243  -94.73193 
 38  -94.81782  -94.80268  -94.73271 
 39  -94.81369  -94.79997  -94.73041 
 40  -94.80717  -94.79481  -94.72560 
 41  -94.79934  -94.78827  -94.71931 
 42  -94.79144  -94.78156  -94.71280 
 43  -94.78465  -94.77587  -94.70725 
 44  -94.77993  -94.77213  -94.70359 
 45  -94.77776  -94.77082  -94.70233 
 46  -94.77813  -94.77190  -94.70344 
 47  -94.78047  -94.77481  -94.70636 
 48  -94.78381  -94.77857  -94.71010 
 49  -94.78691  -94.78195  -94.71345 
 50  -94.78858  -94.78374  -94.71519 
 51  -94.78799  -94.78314  -94.71448 
 52  -94.78512  -94.78013  -94.71130 
 53  -94.78106  -94.77579  -94.70670 
 54  -94.77789  -94.77219  -94.70274 
 55  -94.77783  -94.77158  -94.70165 
 56  -94.78212  -94.77518  -94.70463 
 57  -94.79013  -94.78238  -94.71110 
 58  -94.79973  -94.79104  -94.71894 
 59  -94.80839  -94.79862  -94.72564 
 60  -94.81426  -94.80329  -94.72942 
 61  -94.81668  -94.80437  -94.72964 
 62  -94.81602  -94.80227  -94.72671 
 63  -94.81332  -94.79802  -94.72172 
 64  -94.80989  -94.79293  -94.71600 
 65  -94.80705  -94.78833  -94.71088 
 66  -94.80587  -94.78531  -94.70747 
 67  -94.80702  -94.78454  -94.70645 
 68  -94.81061  -94.78615  -94.70797 
 69  -94.81619  -94.78971  -94.71157 
 70  -94.82277  -94.79424  -94.71629 
 71  -94.82902  -94.79841  -94.72080 
 72  -94.83349  -94.80081  -94.72365 
 73  -94.83503  -94.80030  -94.72367 
 74  -94.83324  -94.79650  -94.72045 
 75  -94.82898  -94.79027  -94.71481 
 76  -94.82442  -94.78382  -94.70889 
 77  -94.82240  -94.78000  -94.70550 
 78  -94.82499  -94.78089  -94.70670 
 79  -94.83220  -94.78652  -94.71248 
 80  -94.84191  -94.79480  -94.72076 
 81  -94.85109  -94.80272  -94.72853 
 82  -94.85729  -94.80782  -94.73337 
 83  -94.85941  -94.80905  -94.73422 
 84  -94.85772  -94.80664  -94.73135 
 85  -94.85331  -94.80170  -94.72590 
 86  -94.84765  -94.79570  -94.71934 
 87  -94.84221  -94.79008  -94.71315 
 88  -94.83820  -94.78606  -94.70854 
 89  -94.83641  -94.78440  -94.70631 
 90  -94.83710  -94.78536  -94.70672 
 91  -94.83994  -94.78860  -94.70945 
 92  -94.84408  -94.79324  -94.71363 
 93  -94.84825  -94.79802  -94.71459 
 94  -94.85102  -94.80145  -94.71464 
 95  -94.85103  -94.80216  -94.71543 
 96  -94.84744  -94.79928  -94.71551 
 97  -94.84037  -94.79299  -94.71222 
 98  -94.83142  -94.78490  -94.70396 
 99  -94.82343  -94.77787  -94.69672 
 100  -94.81932  -94.77480  -94.69341 
 101  -94.82046  -94.77705  -94.69537 
 102  -94.82581  -94.78357  -94.70159 
 103  -94.83256  -94.79154  -94.70925 
 104  -94.83773  -94.79799  -94.71540 
 105  -94.83949  -94.80103  -94.71816 
 106  -94.83746  -94.80031  -94.71719 
 107  -94.83248  -94.79663  -94.71328 
 108  -94.82594  -94.79139  -94.70782 
 109  -94.81942  -94.78614  -94.70236 
 110  -94.81429  -94.78224  -94.69826 
 111  -94.81153  -94.78066  -94.69647 
 112  -94.81159  -94.78185  -94.69744 
 113  -94.81431  -94.78565  -94.70100 
 114  -94.81899  -94.79133  -94.70645 
 115  -94.82449  -94.79778  -94.71267 
 116  -94.82943  -94.80360  -94.71827 
 117  -94.83238  -94.80734  -94.72183 
 118  -94.83214  -94.80785  -94.72216 
 119  -94.82823  -94.80460  -94.71877 
 120  -94.82134  -94.79831  -94.71234 
 121  -94.81351  -94.79101  -94.70492 
 122  -94.80763  -94.78561  -94.69939 
 123  -94.80610  -94.78450  -94.69814 
 124  -94.80944  -94.78822  -94.70173 
 125  -94.81599  -94.79513  -94.70848 
 126  -94.82289  -94.80236  -94.71411 
 127  -94.82763  -94.80741  -94.71893 
 128  -94.82898  -94.80902  -94.72195 
 129  -94.82702  -94.80729  -94.72050 
 130  -94.82279  -94.80327  -94.71697 
 131  -94.81775  -94.79841  -94.71281 
 132  -94.81330  -94.79411  -94.70936 
 133  -94.81051  -94.79145  -94.70770 
 134  -94.80997  -94.79102  -94.70838 
 135  -94.81166  -94.79281  -94.71138 
 136  -94.81503  -94.79625  -94.71610 
 137  -94.81908  -94.80037  -94.72156 
 138  -94.82260  -94.80395  -94.72650 
 139  -94.82430  -94.80572  -94.72963 
 140  -94.82310  -94.80458  -94.72983 
 141  -94.81846  -94.80001  -94.72653 
 142  -94.81080  -94.79244  -94.72012 
 143  -94.80177  -94.78352  -94.71222 
 144  -94.79392  -94.77580  -94.70535 
 145  -94.78971  -94.77174  -94.70195 
 146  -94.79022  -94.77244  -94.70311 
 147  -94.79447  -94.77692  -94.70785 
 148  -94.80004  -94.78275  -94.71376 
 149  -94.80432  -94.78731  -94.71828 
 150  -94.80568  -94.78897  -94.71981 
 151  -94.80382  -94.78743  -94.71808 
 152  -94.79950  -94.78342  -94.71385 
 153  -94.79405  -94.77826  -94.70848 
 154  -94.78892  -94.77340  -94.70342 
 155  -94.78533  -94.77004  -94.69991 
 156  -94.78405  -94.76896  -94.69869 
 157  -94.78526  -94.77032  -94.69997 
 158  -94.78858  -94.77375  -94.70335 
 159  -94.79318  -94.77843  -94.70800 
 160  -94.79794  -94.78323  -94.71279 
 161  -94.80162  -94.78691  -94.71648 
 162  -94.80307  -94.78833  -94.71791 
 163  -94.80155  -94.78674  -94.71632 
 164  -94.79709  -94.78216  -94.71170 
 165  -94.79076  -94.77568  -94.70512 
 166  -94.78466  -94.76937  -94.69864 
 167  -94.78117  -94.76561  -94.69461 
 168  -94.78180  -94.76591  -94.69455 
 169  -94.78635  -94.77008  -94.69827 
 170  -94.79300  -94.77628  -94.70397 
 171  -94.79929  -94.78208  -94.70927 
 172  -94.80333  -94.78560  -94.71231 
 173  -94.80438  -94.78609  -94.71238 
 174  -94.80281  -94.78393  -94.70990 
 175  -94.79972  -94.78024  -94.70600 
 176  -94.79652  -94.77643  -94.70208 
 177  -94.79451  -94.77380  -94.69947 
 178  -94.79461  -94.77328  -94.69908 
 179  -94.79720  -94.77525  -94.70129 
 180  -94.80205  -94.77950  -94.70585 
 181  -94.80846  -94.78531  -94.71206 
 182  -94.81535  -94.79163  -94.71883 
 183  -94.82151  -94.79723  -94.72492 
 184  -94.82576  -94.80094  -94.72912 
 185  -94.82717  -94.80183  -94.73048 
 186  -94.82540  -94.79958  -94.72863 
 187  -94.82106  -94.79478  -94.72413 
 188  -94.81576  -94.78908  -94.71858 
 189  -94.81178  -94.78475  -94.71420 
 190  -94.81099  -94.78366  -94.71286 
 191  -94.81383  -94.78628  -94.71502 
 192  -94.81906  -94.79135  -94.71942 
 193  -94.82440  -94.79662  -94.72382 
 194  -94.82779  -94.80000  -94.72617 
 195  -94.82814  -94.80043  -94.72544 
 196  -94.82558  -94.79799  -94.72178 
 197  -94.82106  -94.79366  -94.71618 
 198  -94.81598  -94.78881  -94.71005 
 199  -94.81173  -94.78481  -94.70482 
 200  -94.80939  -94.78274  -94.70157 
 201  -94.80949  -94.78313  -94.70087 
 202  -94.81199  -94.78593  -94.70270 
 203  -94.81630  -94.79055  -94.70647 
 204  -94.82144  -94.79600  -94.71122 
 205  -94.82625  -94.80112  -94.71578 
 206  -94.82955  -94.80473  -94.71896 
 207  -94.83041  -94.80587  -94.71983 
 208  -94.82843  -94.80415  -94.71794 
 209  -94.82403  -94.79999  -94.71371 
 210  -94.81866  -94.79479  -94.70850 
 211  -94.81434  -94.79061  -94.70431 
 212  -94.81293  -94.78925  -94.70295 
 213  -94.81505  -94.79134  -94.70502 
 214  -94.81972  -94.79591  -94.70953 
 215  -94.82486  -94.80085  -94.71442 
 216  -94.82839  -94.80410  -94.71761 
 217  -94.82908  -94.80440  -94.71790 
 218  -94.82682  -94.80166  -94.71521 
 219  -94.82243  -94.79672  -94.71039 
 220  -94.81725  -94.79088  -94.70476 
 221  -94.81265  -94.78556  -94.69975 
 222  -94.80980  -94.78192  -94.69653 
 223  -94.80939  -94.78064  -94.69578 
 224  -94.81153  -94.78187  -94.69764 
 225  -94.81581  -94.78518  -94.70170 
 226  -94.82139  -94.78976  -94.70714 
 227  -94.82720  -94.79455  -94.71289 
 228  -94.83208  -94.79839  -94.71778 
 229  -94.83504  -94.80031  -94.72082 
 230  -94.83546  -94.79970  -94.72136 
 231  -94.83345  -94.79667  -94.71948 
 232  -94.83000  -94.79224  -94.71617 
 233  -94.82692  -94.78822  -94.71320 
 234  -94.82610  -94.78653  -94.71243 
 235  -94.82859  -94.78823  -94.71491 
 236  -94.83391  -94.79287  -94.72016 
 237  -94.84027  -94.79865  -94.72640 
 238  -94.84545  -94.80338  -94.73144 
 239  -94.84783  -94.80544  -94.73366 
 240  -94.84686  -94.80429  -94.73256 
 241  -94.84305  -94.80043  -94.72866 
 242  -94.83758  -94.79502  -94.72316 
 243  -94.83182  -94.78946  -94.71746 
 244  -94.82705  -94.78498  -94.71283 
 245  -94.82409  -94.78242  -94.71014 
 246  -94.82326  -94.78208  -94.70970 
 247  -94.82435  -94.78375  -94.71132 
 248  -94.82669  -94.78676  -94.71434 
 249  -94.82935  -94.79019  -94.71784 
 250  -94.83129  -94.79300  -94.72079 
 251  -94.83157  -94.79423  -94.72219 
 252  -94.82952  -94.79323  -94.72140 
 253  -94.82510  -94.78994  -94.71833 
 254  -94.81910  -94.78514  -94.71371 
 255  -94.81310  -94.78043  -94.70912 
 256  -94.80901  -94.77769  -94.70642 
 257  -94.80818  -94.77826  -94.70691 
 258  -94.81061  -94.78214  -94.71061 
 259  -94.81490  -94.78790  -94.71610 
 260  -94.81893  -94.79343  -94.72127 
 261  -94.82087  -94.79687  -94.72431 
 262  -94.81987  -94.79735  -94.72434 
 263  -94.81612  -94.79505  -94.72159 
 264  -94.81059  -94.79093  -94.71701 
 265  -94.80460  -94.78629  -94.71192 
 266  -94.79941  -94.78239  -94.70761 
 267  -94.79597  -94.78017  -94.70500 
 268  -94.79472  -94.78007  -94.70456 
 269  -94.79556  -94.78199  -94.70619 
 270  -94.79794  -94.78536  -94.70936 
 271  -94.80098  -94.78933  -94.71320 
 272  -94.80369  -94.79290  -94.71675 
 273  -94.80513  -94.79510  -94.71905 
 274  -94.80461  -94.79524  -94.71940 
 275  -94.80193  -94.79314  -94.71760 
 276  -94.79766  -94.78932  -94.71417 
 277  -94.79311  -94.78510  -94.71038 
 278  -94.79005  -94.78223  -94.70798 
 279  -94.78993  -94.78217  -94.70837 
 280  -94.79316  -94.78533  -94.71195 
 281  -94.79879  -94.79075  -94.71774 
 282  -94.80494  -94.79657  -94.72389 
 283  -94.80975  -94.80092  -94.72852 
 284  -94.81208  -94.80267  -94.73050 
 285  -94.81183  -94.80173  -94.72974 
 286  -94.80974  -94.79882  -94.72697 
 287  -94.80696  -94.79514  -94.72338 
 288  -94.80473  -94.79189  -94.72018 
 289  -94.80397  -94.79001  -94.71832 
 290  -94.80516  -94.79001  -94.71828 
 291  -94.80828  -94.79185  -94.72004 
 292  -94.81283  -94.79507  -94.72313 
 293  -94.81802  -94.79887  -94.72677 
 294  -94.82291  -94.80233  -94.73003 
 295  -94.82658  -94.80456  -94.73200 
 296  -94.82834  -94.80486  -94.73200 
 297  -94.82791  -94.80299  -94.72976 
 298  -94.82567  -94.79932  -94.72564 
 299  -94.82268  -94.79493  -94.72071 
 300  -94.82049  -94.79136  -94.71649 
 301  -94.82052  -94.79006  -94.71443 
 302  -94.82346  -94.79170  -94.71521 
 303  -94.82885  -94.79583  -94.71837 
 304  -94.83531  -94.80108  -94.72256 
 305  -94.84114  -94.80576  -94.72614 
 306  -94.84509  -94.80858  -94.72786 
 307  -94.84669  -94.80911  -94.72731 
 308  -94.84632  -94.80770  -94.72488 
 309  -94.84486  -94.80523  -94.72148 
 310  -94.84338  -94.80278  -94.71820 
 311  -94.84276  -94.80123  -94.71593 
 312  -94.84354  -94.80113  -94.71524 
 313  -94.84582  -94.80257  -94.71622 
 314  -94.84926  -94.80523  -94.71855 
 315  -94.85328  -94.80852  -94.72163 
 316  -94.85709  -94.81167  -94.72469 
 317  -94.85993  -94.81390  -94.72695 
 318  -94.86116  -94.81458  -94.72775 
 319  -94.86046  -94.81338  -94.72678 
 320  -94.85799  -94.81046  -94.72417 
 321  -94.85447  -94.80654  -94.72060 
 322  -94.85105  -94.80275  -94.71720 
 323  -94.84892  -94.80028  -94.71515 
 324  -94.84886  -94.79990  -94.71520 
 325  -94.85083  -94.80159  -94.71730 
 326  -94.85397  -94.80449  -94.72062 
 327  -94.85698  -94.80732  -94.72386 
 328  -94.85868  -94.80888  -94.72584 
 329  -94.85842  -94.80853  -94.72594 
 330  -94.85628  -94.80635  -94.72423 
 331  -94.85289  -94.80299  -94.72138 
 332  -94.84922  -94.79940  -94.71832 
 333  -94.84618  -94.79650  -94.71598 
 334  -94.84443  -94.79494  -94.71501 
 335  -94.84422  -94.79499  -94.71564 
 336  -94.84542  -94.79650  -94.71775 
 337  -94.84757  -94.79903  -94.72086 
 338  -94.85002  -94.80191  -94.72431 
 339  -94.85203  -94.80441  -94.72733 
 340  -94.85294  -94.80587  -94.72927 
 341  -94.85231  -94.80586  -94.72967 
 342  -94.85013  -94.80434  -94.72849 
 343  -94.84687  -94.80180  -94.72619 
 344  -94.84345  -94.79917  -94.72367 
 345  -94.84093  -94.79749  -94.72199 
 346  -94.84009  -94.79755  -94.72191 
 347  -94.84106  -94.79947  -94.72356 
 348  -94.84326  -94.80268  -94.72638 
 349  -94.84561  -94.80609  -94.72931 
 350  -94.84701  -94.80859  -94.73127 
 351  -94.84673  -94.80944  -94.73155 
 352  -94.84466  -94.80853  -94.73006 
 353  -94.84129  -94.80632  -94.72731 
 354  -94.83746  -94.80366  -94.72415 
 355  -94.83406  -94.80141  -94.72148 
 356  -94.83174  -94.80024  -94.71997 
 357  -94.83082  -94.80043  -94.71993 
 358  -94.83119  -94.80190  -94.72128 
 359  -94.83243  -94.80421  -94.72358 
 360  -94.83388  -94.80672  -94.72620 
 361  -94.83483  -94.80871  -94.72843 
 362  -94.83461  -94.80951  -94.72959 
 363  -94.83278  -94.80869  -94.72924 
 364  -94.82930  -94.80620  -94.72728 
 365  -94.82460  -94.80249  -94.72416 
 366  -94.81959  -94.79843  -94.72070 
 367  -94.81529  -94.79506  -94.71793 
 368  -94.81251  -94.79317  -94.71662 
 369  -94.81146  -94.79297  -94.71696 
 370  -94.81167  -94.79399  -94.71850 
 371  -94.81225  -94.79532  -94.72032 
 372  -94.81216  -94.79593  -94.72142 
 373  -94.81073  -94.79513  -94.72111 
 374  -94.80781  -94.79276  -94.71926 
 375  -94.80384  -94.78927  -94.71631 
 376  -94.79966  -94.78548  -94.71308 
 377  -94.79617  -94.78227  -94.71049 
 378  -94.79406  -94.78037  -94.70922 
 379  -94.79368  -94.78011  -94.70961 
 380  -94.79497  -94.78141  -94.71158 
 381  -94.79750  -94.78387  -94.71471 
 382  -94.80064  -94.78686  -94.71835 
 383  -94.80369  -94.78967  -94.72178 
 384  -94.80599  -94.79164  -94.72431 
 385  -94.80708  -94.79232  -94.72547 
 386  -94.80683  -94.79159  -94.72510 
 387  -94.80561  -94.78980  -94.72355 
 388  -94.80424  -94.78779  -94.72161 
 389  -94.80377  -94.78660  -94.72030 
 390  -94.80502  -94.78708  -94.72044 
 391  -94.80825  -94.78947  -94.72229 
 392  -94.81296  -94.79329  -94.72536 
 393  -94.81811  -94.79749  -94.72865 
 394  -94.82252  -94.80090  -94.73100 
 395  -94.82532  -94.80264  -94.73160 
 396  -94.82624  -94.80244  -94.73021 
 397  -94.82565  -94.80068  -94.72725 
 398  -94.82436  -94.79816  -94.72358 
 399  -94.82334  -94.79585  -94.72021 
 400  -94.82339  -94.79456  -94.71794 
 401  -94.82492  -94.79471  -94.71722 
 402  -94.82795  -94.79632  -94.71806 
 403  -94.83207  -94.79900  -94.72008 
 404  -94.83668  -94.80214  -94.72266 
 405  -94.84104  -94.80504  -94.72507 
 406  -94.84448  -94.80701  -94.72664 
 407  -94.84651  -94.80758  -94.72687 
 408  -94.84701  -94.80663  -94.72563 
 409  -94.84633  -94.80452  -94.72325 
 410  -94.84528  -94.80207  -94.72055 
 411  -94.84494  -94.80035  -94.71856 
 412  -94.84616  -94.80023  -94.71815 
 413  -94.84919  -94.80197  -94.71955 
 414  -94.85352  -94.80506  -94.72228 
 415  -94.85809  -94.80846  -94.72528 
 416  -94.86171  -94.81099  -94.72740 
 417  -94.86348  -94.81177  -94.72775 
 418  -94.86309  -94.81047  -94.72604 
 419  -94.86086  -94.80742  -94.72262 
 420  -94.85758  -94.80343  -94.71831 
 421  -94.85426  -94.79951  -94.71413 
 422  -94.85181  -94.79656  -94.71101 
 423  -94.85077  -94.79513  -94.70951 
 424  -94.85123  -94.79533  -94.70974 
 425  -94.85289  -94.79682  -94.71140 
 426  -94.85511  -94.79900  -94.71387 
 427  -94.85718  -94.80114  -94.71641 
 428  -94.85836  -94.80250  -94.71831 
 429  -94.85811  -94.80255  -94.71899 
 430  -94.85622  -94.80106  -94.71821 
 431  -94.85295  -94.79828  -94.71619 
 432  -94.84906  -94.79499  -94.71367 
 433  -94.84570  -94.79233  -94.71175 
 434  -94.84393  -94.79135  -94.71145 
 435  -94.84422  -94.79255  -94.71323 
 436  -94.84623  -94.79557  -94.71672 
 437  -94.84889  -94.79936  -94.72087 
 438  -94.85092  -94.80262  -94.72437 
 439  -94.85125  -94.80429  -94.72618 
 440  -94.84938  -94.80386  -94.72580 
 441  -94.84553  -94.80154  -94.72345 
 442  -94.84047  -94.79809  -94.71991 
 443  -94.83528  -94.79455  -94.71625 
 444  -94.83098  -94.79196  -94.71351 
 445  -94.82829  -94.79100  -94.71239 
 446  -94.82743  -94.79189  -94.71313 
 447  -94.82815  -94.79436  -94.71546 
 448  -94.82980  -94.79776  -94.71875 
 449  -94.83159  -94.80128  -94.72220 
 450  -94.83267  -94.80407  -94.72495 
 451  -94.83237  -94.80545  -94.72632 
 452  -94.83035  -94.80506  -94.72595 
 453  -94.82675  -94.80304  -94.72396 
 454  -94.82227  -94.80008  -94.72101 
 455  -94.81806  -94.79730  -94.71824 
 456  -94.81530  -94.79590  -94.71679 
 457  -94.81470  -94.79656  -94.71737 
 458  -94.81616  -94.79919  -94.71987 
 459  -94.81880  -94.80292  -94.72343 
 460  -94.82137  -94.80647  -94.72682 
 461  -94.82263  -94.80863  -94.72883 
 462  -94.82184  -94.80863  -94.72875 
 463  -94.81891  -94.80639  -94.72649 
 464  -94.81438  -94.80243  -94.72264 
 465  -94.80920  -94.79772  -94.71816 
 466  -94.80445  -94.79332  -94.71412 
 467  -94.80099  -94.79010  -94.71141 
 468  -94.79929  -94.78853  -94.71050 
 469  -94.79930  -94.78858  -94.71134 
 470  -94.80056  -94.78978  -94.71346 
 471  -94.80230  -94.79138  -94.71610 
 472  -94.80366  -94.79251  -94.71837 
 473  -94.80386  -94.79243  -94.71949 
 474  -94.80245  -94.79067  -94.71901 
 475  -94.79946  -94.78729  -94.71690 
 476  -94.79550  -94.78286  -94.71375 
 477  -94.79162  -94.77848  -94.71056 
 478  -94.78900  -94.77532  -94.70848 
 479  -94.78845  -94.77420  -94.70829 
 480  -94.79007  -94.77523  -94.71007 
 481  -94.79325  -94.77782  -94.71318 
 482  -94.79694  -94.78090  -94.71658 
 483  -94.79998  -94.78335  -94.71912 
 484  -94.80152  -94.78432  -94.71996 
 485  -94.80128  -94.78349  -94.71882 
 486  -94.79957  -94.78120  -94.71605 
 487  -94.79717  -94.77823  -94.71246 
 488  -94.79506  -94.77553  -94.70860 
 489  -94.79408  -94.77397  -94.70580 
 490  -94.79476  -94.77404  -94.70501 
 491  -94.79714  -94.77582  -94.70586 
 492  -94.80088  -94.77896  -94.70864 
 493  -94.80527  -94.78273  -94.71209 
 494  -94.80940  -94.78627  -94.71471 
 495  -94.81249  -94.78876  -94.71630 
 496  -94.81399  -94.78966  -94.71630 
 497  -94.81381  -94.78891  -94.71467 
 498  -94.81248  -94.78700  -94.71191 
 499  -94.81101  -94.78495  -94.70904 
 500  -94.81054  -94.78391  -94.70721 
 501  -94.81190  -94.78472  -94.70725 
 502  -94.81527  -94.78754  -94.70933 
 503  -94.82009  -94.79184  -94.71294 
 504  -94.82538  -94.79662  -94.71711 
 505  -94.83002  -94.80079  -94.72077 
 506  -94.83313  -94.80345  -94.72303 
 507  -94.83425  -94.80416  -94.72348 
 508  -94.83352  -94.80307  -94.72224 
 509  -94.83157  -94.80078  -94.71992 
 510  -94.82928  -94.79819  -94.71736 
 511  -94.82751  -94.79614  -94.71541 
 512  -94.82685  -94.79523  -94.71465 
 513  -94.82751  -94.79566  -94.71525 
 514  -94.82928  -94.79723  -94.71699 
 515  -94.83161  -94.79938  -94.71931 
 516  -94.83377  -94.80136  -94.72147 
 517  -94.83496  -94.80238  -94.72267 
 518  -94.83460  -94.80185  -94.72228 
 519  -94.83249  -94.79957  -94.72011 
 520  -94.82900  -94.79588  -94.71652 
 521  -94.82501  -94.79168  -94.71236 
 522  -94.82168  -94.78812  -94.70880 
 523  -94.81996  -94.78616  -94.70679 
 524  -94.82018  -94.78613  -94.70664 
 525  -94.82194  -94.78763  -94.70799 
 526  -94.82435  -94.78981  -94.70996 
 527  -94.82646  -94.79171  -94.71159 
 528  -94.82747  -94.79255  -94.71213 
 529  -94.82702  -94.79195  -94.71118 
 530  -94.82516  -94.78998  -94.70720 
 531  -94.82247  -94.78720  -94.70243 
 532  -94.81977  -94.78440  -94.70099 
 533  -94.81790  -94.78242  -94.70046 
 534  -94.81743  -94.78185  -94.69981 
 535  -94.81858  -94.78290  -94.70083 
 536  -94.82114  -94.78536  -94.70332 
 537  -94.82454  -94.78867  -94.70672 
 538  -94.82795  -94.79201  -94.71020 
 539  -94.83044  -94.79444  -94.71285 
 540  -94.83122  -94.79517  -94.71386 
 541  -94.82988  -94.79382  -94.71283 
 542  -94.82672  -94.79068  -94.71003 
 543  -94.82274  -94.78674  -94.70643 
 544  -94.81935  -94.78344  -94.70343 
 545  -94.81775  -94.78196  -94.70220 
 546  -94.81828  -94.78268  -94.70307 
 547  -94.82038  -94.78503  -94.70547 
 548  -94.82298  -94.78794  -94.70833 
 549  -94.82505  -94.79040  -94.71064 
 550  -94.82593  -94.79175  -94.71177 
 551  -94.82541  -94.79177  -94.71151 
 552  -94.82366  -94.79062  -94.71008 
 553  -94.82121  -94.78883  -94.70803 
 554  -94.81880  -94.78712  -94.70612 
 555  -94.81718  -94.78625  -94.70512 
 556  -94.81690  -94.78674  -94.70559 
 557  -94.81815  -94.78879  -94.70772 
 558  -94.82072  -94.79218  -94.71132 
 559  -94.82407  -94.79636  -94.71583 
 560  -94.82737  -94.80052  -94.72043 
 561  -94.82970  -94.80369  -94.72417 
 562  -94.83018  -94.80501  -94.72614 
 563  -94.82827  -94.80393  -94.72577 
 564  -94.82406  -94.80052  -94.72313 
 565  -94.81842  -94.79564  -94.71904 
 566  -94.81282  -94.79076  -94.71493 
 567  -94.80876  -94.78737  -94.71224 
 568  -94.80696  -94.78619  -94.71171 
 569  -94.80709  -94.78689  -94.71296 
 570  -94.80803  -94.78834  -94.71490 
 571  -94.80855  -94.78934  -94.71630 
 572  -94.80783  -94.78905  -94.71634 
 573  -94.80557  -94.78717  -94.71474 
 574  -94.80194  -94.78387  -94.71169 
 575  -94.79749  -94.77971  -94.70774 
 576  -94.79307  -94.77551  -94.70375 
 577  -94.78954  -94.77216  -94.70060 
 578  -94.78760  -94.77035  -94.69900 
 579  -94.78761  -94.77045  -94.69930 
 580  -94.78946  -94.77236  -94.70145 
 581  -94.79270  -94.77563  -94.70499 
 582  -94.79655  -94.77949  -94.70916 
 583  -94.80009  -94.78302  -94.71304 
 584  -94.80233  -94.78523  -94.71567 
 585  -94.80253  -94.78539  -94.71628 
 586  -94.80044  -94.78324  -94.71461 
 587  -94.79656  -94.77927  -94.71115 
 588  -94.79217  -94.77477  -94.70712 
 589  -94.78890  -94.77136  -94.70413 
 590  -94.78793  -94.77022  -94.70333 
 591  -94.78936  -94.77145  -94.70477 
 592  -94.79223  -94.77411  -94.70751 
 593  -94.79515  -94.77681  -94.71013 
 594  -94.79700  -94.77845  -94.71152 
 595  -94.79723  -94.77847  -94.71116 
 596  -94.79584  -94.77690  -94.70906 
 597  -94.79331  -94.77419  -94.70571 
 598  -94.79040  -94.77111  -94.70191 
 599  -94.78801  -94.76857  -94.69860 
 600  -94.78697  -94.76738  -94.69661 
 601  -94.78777  -94.76807  -94.69650 
 602  -94.79053  -94.77073  -94.69840 
 603  -94.79493  -94.77506  -94.70199 
 604  -94.80030  -94.78038  -94.70666 
 605  -94.80575  -94.78580  -94.71149 
 606  -94.81026  -94.79032  -94.71550 
 607  -94.81299  -94.79307  -94.71779 
 608  -94.81351  -94.79363  -94.71796 
 609  -94.81214  -94.79229  -94.71627 
 610  -94.81000  -94.79017  -94.71383 
 611  -94.80866  -94.78883  -94.71216 
 612  -94.80934  -94.78948  -94.71247 
 613  -94.81225  -94.79229  -94.71493 
 614  -94.81646  -94.79637  -94.71863 
 615  -94.82060  -94.80031  -94.72216 
 616  -94.82351  -94.80297  -94.72440 
 617  -94.82462  -94.80376  -94.72477 
 618  -94.82390  -94.80265  -94.72235 
 619  -94.82173  -94.80002  -94.71847 
 620  -94.81879  -94.79654  -94.71550 
 621  -94.81597  -94.79309  -94.71254 
 622  -94.81413  -94.79055  -94.70888 
 623  -94.81388  -94.78952  -94.70677 
 624  -94.81544  -94.79023  -94.70807 
 625  -94.81863  -94.79252  -94.71102 
 626  -94.82290  -94.79582  -94.71425 
 627  -94.82742  -94.79934  -94.71778 
 628  -94.83127  -94.80215  -94.72069 
 629  -94.83361  -94.80344  -94.72216 
 630  -94.83398  -94.80273  -94.72171 
 631  -94.83250  -94.80015  -94.71946 
 632  -94.83006  -94.79658  -94.71628 
 633  -94.82804  -94.79343  -94.71353 
 634  -94.82775  -94.79199  -94.71248 
 635  -94.82966  -94.79276  -94.71360 
 636  -94.83320  -94.79516  -94.71628 
 637  -94.83714  -94.79799  -94.71932 
 638  -94.84031  -94.80008  -94.72153 
 639  -94.84203  -94.80076  -94.72223 
 640  -94.84214  -94.79989  -94.72129 
 641  -94.84086  -94.79769  -94.71895 
 642  -94.83873  -94.79470  -94.71574 
 643  -94.83646  -94.79163  -94.71239 
 644  -94.83479  -94.78924  -94.70968 
 645  -94.83435  -94.78814  -94.70822 
 646  -94.83545  -94.78868  -94.70836 
 647  -94.83804  -94.79078  -94.71006 
 648  -94.84169  -94.79404  -94.71291 
 649  -94.84574  -94.79779  -94.71624 
 650  -94.84935  -94.80120  -94.71925 
 651  -94.85175  -94.80349  -94.72116 
 652  -94.85243  -94.80414  -94.72145 
 653  -94.85136  -94.80313  -94.72010 
 654  -94.84918  -94.80109  -94.71773 
 655  -94.84704  -94.79917  -94.71548 
 656  -94.84620  -94.79860  -94.71459 
 657  -94.84733  -94.80006  -94.71574 
 658  -94.85015  -94.80325  -94.71864 
 659  -94.85361  -94.80713  -94.72225 
 660  -94.85648  -94.81046  -94.72536 
 661  -94.85793  -94.81240  -94.72716 
 662  -94.85764  -94.81263  -94.72759 
 663  -94.85572  -94.81126  -94.72682 
 664  -94.85255  -94.80867  -94.72500 
 665  -94.84870  -94.80544  -94.72259 
 666  -94.84483  -94.80222  -94.72025 
 667  -94.84156  -94.79960  -94.71856 
 668  -94.83933  -94.79804  -94.71793 
 669  -94.83828  -94.79766  -94.71850 
 670  -94.83824  -94.79830  -94.72009 
 671  -94.83875  -94.79950  -94.72222 
 672  -94.83916  -94.80061  -94.72423 
 673  -94.83876  -94.80092  -94.72540 
 674  -94.83700  -94.79987  -94.72517 
 675  -94.83367  -94.79727  -94.72335 
 676  -94.82917  -94.79350  -94.72030 
 677  -94.82442  -94.78951  -94.71695 
 678  -94.82068  -94.78652  -94.71454 
 679  -94.81893  -94.78553  -94.71403 
 680  -94.81938  -94.78675  -94.71563 
 681  -94.82133  -94.78946  -94.71862 
 682  -94.82359  -94.79249  -94.72181 
 683  -94.82514  -94.79482  -94.72418 
 684  -94.82545  -94.79588  -94.72518 
 685  -94.82449  -94.79568  -94.72480 
 686  -94.82258  -94.79451  -94.72335 
 687  -94.82025  -94.79289  -94.72136 
 688  -94.81806  -94.79140  -94.71942 
 689  -94.81657  -94.79056  -94.71731 
 690  -94.81617  -94.79078  -94.71630 
 691  -94.81700  -94.79218  -94.71805 
 692  -94.81889  -94.79459  -94.72091 
 693  -94.82137  -94.79754  -94.72372 
 694  -94.82376  -94.80034  -94.72643 
 695  -94.82527  -94.80221  -94.72828 
 696  -94.82521  -94.80247  -94.72858 
 697  -94.82323  -94.80078  -94.72696 
 698  -94.81952  -94.79732  -94.72360 
 699  -94.81492  -94.79294  -94.71932 
 700  -94.81076  -94.78896  -94.71542 
 701  -94.80829  -94.78666  -94.71313 
 702  -94.80810  -94.78663  -94.71303 
 703  -94.80981  -94.78847  -94.71470 
 704  -94.81230  -94.79109  -94.71707 
 705  -94.81444  -94.79334  -94.71900 
 706  -94.81551  -94.79454  -94.71979 
 707  -94.81540  -94.79454  -94.71935 
 708  -94.81437  -94.79363  -94.71795 
 709  -94.81294  -94.79231  -94.71614 
 710  -94.81171  -94.79116  -94.71453 
 711  -94.81125  -94.79076  -94.71368 
 712  -94.81197  -94.79152  -94.71403 
 713  -94.81402  -94.79358  -94.71574 
 714  -94.81727  -94.79679  -94.71867 
 715  -94.82128  -94.80073  -94.72238 
 716  -94.82539  -94.80472  -94.72622 
 717  -94.82881  -94.80797  -94.72939 
 718  -94.83082  -94.80975  -94.73117 
 719  -94.83092  -94.80957  -94.73105 
 720  -94.82917  -94.80746  -94.72906 
 721  -94.82620  -94.80407  -94.72583 
 722  -94.82320  -94.80056  -94.72249 
 723  -94.82139  -94.79817  -94.72026 
 724  -94.82151  -94.79760  -94.71916 
 725  -94.82335  -94.79868  -94.71975 
 726  -94.82597  -94.80047  -94.72248 
 727  -94.82820  -94.80180  -94.72477 
 728  -94.82926  -94.80192  -94.72514 
 729  -94.82894  -94.80060  -94.72400 
 730  -94.82750  -94.79814  -94.72162 
 731  -94.82556  -94.79513  -94.71859 
 732  -94.82385  -94.79232  -94.71567 
 733  -94.82308  -94.79044  -94.71356 
 734  -94.82381  -94.79002  -94.71283 
 735  -94.82628  -94.79133  -94.71373 
 736  -94.83038  -94.79425  -94.71616 
 737  -94.83564  -94.79833  -94.71968 
 738  -94.84133  -94.80285  -94.72359 
 739  -94.84657  -94.80691  -94.72700 
 740  -94.85048  -94.80965  -94.72906 
 741  -94.85243  -94.81044  -94.72916 
 742  -94.85232  -94.80919  -94.72723 
 743  -94.85073  -94.80648  -94.72385 
 744  -94.84882  -94.80345  -94.72018 
 745  -94.84785  -94.80140  -94.71750 
 746  -94.84858  -94.80107  -94.71658 
 747  -94.85081  -94.80229  -94.71722 
 748  -94.85357  -94.80407  -94.71846 
 749  -94.85569  -94.80527  -94.71749 
 750  -94.85639  -94.80509  -94.71523 
 751  -94.85549  -94.80338  -94.71488 
 752  -94.85332  -94.80045  -94.71345 
 753  -94.85049  -94.79692  -94.70986 
 754  -94.84768  -94.79348  -94.70649 
 755  -94.84557  -94.79080  -94.70400 
 756  -94.84468  -94.78940  -94.70294 
 757  -94.84527  -94.78955  -94.70355 
 758  -94.84730  -94.79119  -94.70578 
 759  -94.85037  -94.79395  -94.70925 
 760  -94.85388  -94.79721  -94.71331 
 761  -94.85700  -94.80016  -94.71712 
 762  -94.85892  -94.80198  -94.71984 
 763  -94.85903  -94.80206  -94.72084 
 764  -94.85722  -94.80029  -94.71997 
 765  -94.85406  -94.79723  -94.71777 
 766  -94.85075  -94.79409  -94.71541 
 767  -94.84864  -94.79222  -94.71422 
 768  -94.84856  -94.79244  -94.71501 
 769  -94.85031  -94.79457  -94.71757 
 770  -94.85281  -94.79751  -94.72082 
 771  -94.85467  -94.79992  -94.72341 
 772  -94.85494  -94.80082  -94.72438 
 773  -94.85332  -94.79994  -94.72349 
 774  -94.85010  -94.79755  -94.72103 
 775  -94.84586  -94.79424  -94.71762 
 776  -94.84132  -94.79075  -94.71401 
 777  -94.83723  -94.78778  -94.71094 
 778  -94.83417  -94.78594  -94.70902 
 779  -94.83255  -94.78561  -94.70868 
 780  -94.83245  -94.78687  -94.70998 
 781  -94.83360  -94.78946  -94.71266 
 782  -94.83545  -94.79279  -94.71616 
 783  -94.83721  -94.79608  -94.71878 
 784  -94.83799  -94.79842  -94.72142 
 785  -94.83704  -94.79905  -94.72243 
 786  -94.83406  -94.79766  -94.72060 
 787  -94.82951  -94.79471  -94.71807 
 788  -94.82467  -94.79144  -94.71519 
 789  -94.82116  -94.78946  -94.71356 
 790  -94.82013  -94.78992  -94.71436 
 791  -94.82156  -94.79280  -94.71739 
 792  -94.82424  -94.79686  -94.72143 
 793  -94.82646  -94.80041  -94.72491 
 794  -94.82693  -94.80214  -94.72645 
 795  -94.82516  -94.80156  -94.72558 
 796  -94.82140  -94.79892  -94.72254 
 797  -94.81630  -94.79486  -94.71801 
 798  -94.81070  -94.79021  -94.71288 
 799  -94.80542  -94.78579  -94.70802 
 800  -94.80118  -94.78235  -94.70481 
 801  -94.79854  -94.78041  -94.70323 
 802  -94.79772  -94.78022  -94.70293 
 803  -94.79859  -94.78166  -94.70438 
 804  -94.80066  -94.78425  -94.70711 
 805  -94.80315  -94.78721  -94.71030 
 806  -94.80507  -94.78956  -94.71300 
 807  -94.80548  -94.79037  -94.71423 
 808  -94.80382  -94.78906  -94.71339 
 809  -94.80027  -94.78583  -94.71066 
 810  -94.79603  -94.78188  -94.70718 
 811  -94.79296  -94.77905  -94.70479 
 812  -94.79268  -94.77896  -94.70507 
 813  -94.79556  -94.78196  -94.70836 
 814  -94.80042  -94.78688  -94.71347 
 815  -94.80528  -94.79173  -94.71841 
 816  -94.80844  -94.79481  -94.72148 
 817  -94.80919  -94.79540  -94.72197 
 818  -94.80774  -94.79370  -94.72011 
 819  -94.80486  -94.79048  -94.71666 
 820  -94.80146  -94.78665  -94.71256 
 821  -94.79841  -94.78309  -94.70871 
 822  -94.79645  -94.78053  -94.70584 
 823  -94.79611  -94.77950  -94.70452 
 824  -94.79762  -94.78024  -94.70501 
 825  -94.80090  -94.78267  -94.70722 
 826  -94.80552  -94.78637  -94.71074 
 827  -94.81072  -94.79058  -94.71485 
 828  -94.81556  -94.79437  -94.71859 
 829  -94.81899  -94.79669  -94.72094 
 830  -94.82024  -94.79676  -94.72109 
 831  -94.81914  -94.79442  -94.71885 
 832  -94.81652  -94.79048  -94.71504 
 833  -94.81416  -94.78673  -94.71139 
 834  -94.81409  -94.78520  -94.70993 
 835  -94.81742  -94.78701  -94.71174 
 836  -94.82357  -94.79158  -94.71622 
 837  -94.83065  -94.79703  -94.72148 
 838  -94.83660  -94.80132  -94.72547 
 839  -94.84021  -94.80327  -94.72702 
 840  -94.84137  -94.80276  -94.72602 
 841  -94.84066  -94.80042  -94.72309 
 842  -94.83897  -94.79710  -94.71913 
 843  -94.83714  -94.79370  -94.71505 
 844  -94.83594  -94.79095  -94.71163 
 845  -94.83591  -94.78943  -94.70946 
 846  -94.83738  -94.78945  -94.70889 
 847  -94.84035  -94.79104  -94.70999 
 848  -94.84454  -94.79391  -94.71249 
 849  -94.84935  -94.79748  -94.71583 
 850  -94.85393  -94.80089  -94.71915 
 851  -94.85728  -94.80316  -94.72149 
 852  -94.85848  -94.80338  -94.72190 
 853  -94.85703  -94.80105  -94.71987 
 854  -94.85324  -94.79647  -94.71566 
 855  -94.84841  -94.79096  -94.71055 
 856  -94.84458  -94.78654  -94.70655 
 857  -94.84354  -94.78502  -94.70540 
 858  -94.84578  -94.78688  -94.70758 
 859  -94.85011  -94.79093  -94.71187 
 860  -94.85447  -94.79511  -94.71623 
 861  -94.85708  -94.79769  -94.71890 
 862  -94.85721  -94.79789  -94.71913 
 863  -94.85507  -94.79595  -94.71715 
 864  -94.85140  -94.79260  -94.71374 
 865  -94.84713  -94.78878  -94.70981 
 866  -94.84312  -94.78533  -94.70624 
 867  -94.84007  -94.78295  -94.70373 
 868  -94.83844  -94.78210  -94.70276 
 869  -94.83842  -94.78297  -94.70350 
 870  -94.83987  -94.78541  -94.70583 
 871  -94.84238  -94.78900  -94.70933 
 872  -94.84525  -94.79303  -94.71329 
 873  -94.84756  -94.79659  -94.71683 
 874  -94.84841  -94.79875  -94.71899 
 875  -94.84709  -94.79881  -94.71909 
 876  -94.84352  -94.79667  -94.71701 
 877  -94.83846  -94.79307  -94.71352 
 878  -94.83354  -94.78964  -94.71019 
 879  -94.83060  -94.78821  -94.70889 
 880  -94.83076  -94.78988  -94.71069 
 881  -94.83360  -94.79425  -94.71518 
 882  -94.83742  -94.79960  -94.72065 
 883  -94.84023  -94.80393  -94.72509 
 884  -94.84073  -94.80597  -94.72722 
 885  -94.83874  -94.80548  -94.72595 
 886  -94.83481  -94.80306  -94.72274 
 887  -94.82988  -94.79959  -94.72020 
 888  -94.82488  -94.79602  -94.71751 
 889  -94.82060  -94.79313  -94.71462 
 890  -94.81760  -94.79145  -94.71294 
 891  -94.81615  -94.79127  -94.71273 
 892  -94.81624  -94.79255  -94.71399 
 893  -94.81757  -94.79501  -94.71641 
 894  -94.81953  -94.79803  -94.71941 
 895  -94.82135  -94.80082  -94.72218 
 896  -94.82211  -94.80248  -94.72385 
 897  -94.82108  -94.80226  -94.72366 
 898  -94.81797  -94.79989  -94.72131 
 899  -94.81321  -94.79580  -94.71728 
 900  -94.80812  -94.79127  -94.71279 
 901  -94.80436  -94.78801  -94.70955 
 902  -94.80330  -94.78736  -94.70891 
 903  -94.80515  -94.78955  -94.71108 
 904  -94.80882  -94.79346  -94.71440 
 905  -94.81251  -94.79732  -94.71767 
 906  -94.81473  -94.79964  -94.72049 
 907  -94.81484  -94.79979  -94.72116 
 908  -94.81302  -94.79796  -94.71939 
 909  -94.81002  -94.79488  -94.71640 
 910  -94.80670  -94.79145  -94.71308 
 911  -94.80388  -94.78846  -94.71026 
 912  -94.80214  -94.78651  -94.70855 
 913  -94.80183  -94.78597  -94.70830 
 914  -94.80299  -94.78687  -94.70956 
 915  -94.80541  -94.78902  -94.71209 
 916  -94.80858  -94.79189  -94.71542 
 917  -94.81176  -94.79477  -94.71818 
 918  -94.81411  -94.79680  -94.72070 
 919  -94.81479  -94.79716  -94.72218 
 920  -94.81335  -94.79538  -94.72090 
 921  -94.80996  -94.79162  -94.71720 
 922  -94.80559  -94.78686  -94.71252 
 923  -94.80187  -94.78271  -94.70885 
 924  -94.80036  -94.78072  -94.70775 
 925  -94.80178  -94.78163  -94.70952 
 926  -94.80554  -94.78482  -94.71306 
 927  -94.81003  -94.78870  -94.71723 
 928  -94.81357  -94.79159  -94.72035 
 929  -94.81513  -94.79247  -94.72142 
 930  -94.81460  -94.79124  -94.72031 
 931  -94.81254  -94.78845  -94.71761 
 932  -94.80985  -94.78502  -94.71421 
 933  -94.80744  -94.78186  -94.71103 
 934  -94.80607  -94.77972  -94.70883 
 935  -94.80621  -94.77910  -94.70761 
 936  -94.80803  -94.78016  -94.70805 
 937  -94.81141  -94.78279  -94.71051 
 938  -94.81593  -94.78657  -94.71472 
 939  -94.82092  -94.79084  -94.71944 
 940  -94.82554  -94.79474  -94.72316 
 941  -94.82892  -94.79744  -94.72562 
 942  -94.83043  -94.79829  -94.72616 
 943  -94.82994  -94.79712  -94.72461 
 944  -94.82796  -94.79451  -94.72157 
 945  -94.82578  -94.79170  -94.71825 
 946  -94.82493  -94.79022  -94.71620 
 947  -94.82648  -94.79114  -94.71651 
 948  -94.83037  -94.79443  -94.71915 
 949  -94.83545  -94.79891  -94.72167 
 950  -94.84009  -94.80295  -94.72374 
 951  -94.84303  -94.80532  -94.72670 
 952  -94.84381  -94.80555  -94.72761 
 953  -94.84273  -94.80394  -94.72546 
 954  -94.84051  -94.80122  -94.72221 
 955  -94.83800  -94.79824  -94.71874 
 956  -94.83595  -94.79575  -94.71581 
 957  -94.83491  -94.79429  -94.71397 
 958  -94.83512  -94.79414  -94.71352 
 959  -94.83660  -94.79530  -94.71446 
 960  -94.83905  -94.79747  -94.71650 
 961  -94.84195  -94.80014  -94.71912 
 962  -94.84459  -94.80260  -94.72161 
 963  -94.84621  -94.80407  -94.72318 
 964  -94.84613  -94.80391  -94.72315 
 965  -94.84408  -94.80181  -94.72120 
 966  -94.84037  -94.79809  -94.71664 
 967  -94.83603  -94.79376  -94.71257 
 968  -94.83251  -94.79026  -94.71039 
 969  -94.83108  -94.78888  -94.70922 
 970  -94.83218  -94.79002  -94.71050 
 971  -94.83508  -94.79298  -94.71350 
 972  -94.83835  -94.79632  -94.71679 
 973  -94.84061  -94.79866  -94.71901 
 974  -94.84108  -94.79923  -94.71942 
 975  -94.83976  -94.79804  -94.71805 
 976  -94.83718  -94.79559  -94.71542 
 977  -94.83407  -94.79265  -94.71232 
 978  -94.83122  -94.78998  -94.70954 
 979  -94.82922  -94.78820  -94.70768 
 980  -94.82846  -94.78767  -94.70714 
 981  -94.82906  -94.78853  -94.70805 
 982  -94.83085  -94.79061  -94.71025 
 983  -94.83341  -94.79349  -94.71242 
 984  -94.83611  -94.79655  -94.71488 
 985  -94.83819  -94.79903  -94.71773 
 986  -94.83894  -94.80022  -94.71929 
 987  -94.83795  -94.79970  -94.72005 
 988  -94.83531  -94.79757  -94.71911 
 989  -94.83177  -94.79458  -94.71634 
 990  -94.82864  -94.79205  -94.71390 
 991  -94.82726  -94.79127  -94.71312 
 992  -94.82827  -94.79292  -94.71395 
 993  -94.83126  -94.79656  -94.71672 
 994  -94.83494  -94.80089  -94.72162 
 995  -94.83786  -94.80448  -94.72576 
 996  -94.83911  -94.80640  -94.72746 
 997  -94.83849  -94.80645  -94.72729 
 998  -94.83643  -94.80503  -94.72566 
 999  -94.83360  -94.80286  -94.72332 
 1000  -94.83079  -94.80068  -94.72102 
 1001  -94.82861  -94.79912  -94.71939 
 1002  -94.82750  -94.79860  -94.71886 
 1003  -94.82758  -94.79927  -94.71962 
 1004  -94.82879  -94.80103  -94.72154 
 1005  -94.83074  -94.80352  -94.72426 
 1006  -94.83286  -94.80617  -94.72723 
 1007  -94.83446  -94.80827  -94.72971 
 1008  -94.83488  -94.80916  -94.73104 
 1009  -94.83365  -94.80839  -94.73075 
 1010  -94.83072  -94.80590  -94.72877 
 1011  -94.82661  -94.80217  -94.72555 
 1012  -94.82229  -94.79822  -94.72209 
 1013  -94.81898  -94.79524  -94.71956 
 1014  -94.81758  -94.79411  -94.71885 
 1015  -94.81816  -94.79490  -94.71998 
 1016  -94.81986  -94.79676  -94.72214 
 1017  -94.82143  -94.79844  -94.72404 
 1018  -94.82184  -94.79890  -94.72465 
 1019  -94.82068  -94.79773  -94.72359 
 1020  -94.81815  -94.79516  -94.72107 
 1021  -94.81487  -94.79178  -94.71772 
 1022  -94.81155  -94.78834  -94.71429 
 1023  -94.80885  -94.78549  -94.71145 
 1024  -94.80727  -94.78372  -94.70972 
 1025  -94.80704  -94.78330  -94.70937 
 1026  -94.80817  -94.78422  -94.71040 
 1027  -94.81039  -94.78623  -94.71257 
 1028  -94.81323  -94.78885  -94.71541 
 1029  -94.81604  -94.79145  -94.71825 
 1030  -94.81817  -94.79336  -94.72044 
 1031  -94.81906  -94.79403  -94.72141 
 1032  -94.81848  -94.79322  -94.72086 
 1033  -94.81660  -94.79111  -94.71898 
 1034  -94.81411  -94.78837  -94.71640 
 1035  -94.81210  -94.78609  -94.71418 
 1036  -94.81165  -94.78535  -94.71342 
 1037  -94.81331  -94.78670  -94.71462 
 1038  -94.81669  -94.78976  -94.71741 
 1039  -94.82064  -94.79337  -94.72065 
 1040  -94.82386  -94.79624  -94.72304 
 1041  -94.82551  -94.79755  -94.72377 
 1042  -94.82544  -94.79715  -94.72273 
 1043  -94.82410  -94.79550  -94.72037 
 1044  -94.82223  -94.79332  -94.71745 
 1045  -94.82059  -94.79140  -94.71477 
 1046  -94.81984  -94.79039  -94.71302 
 1047  -94.82038  -94.79069  -94.71260 
 1048  -94.82232  -94.79242  -94.71366 
 1049  -94.82550  -94.79540  -94.71603 
 1050  -94.82945  -94.79919  -94.71929 
 1051  -94.83356  -94.80315  -94.72279 
 1052  -94.83710  -94.80656  -94.72585 
 1053  -94.83947  -94.80882  -94.72782 
 1054  -94.84029  -94.80954  -94.72832 
 1055  -94.83957  -94.80872  -94.72734 
 1056  -94.83775  -94.80680  -94.72531 
 1057  -94.83577  -94.80471  -94.72312 
 1058  -94.83474  -94.80356  -94.72189 
 1059  -94.83550  -94.80416  -94.72242 
 1060  -94.83803  -94.80652  -94.72469 
 1061  -94.84140  -94.80969  -94.72778 
 1062  -94.84425  -94.81230  -94.73031 
 1063  -94.84547  -94.81325  -94.73121 
 1064  -94.84466  -94.81214  -94.73005 
 1065  -94.84208  -94.80924  -94.72711 
 1066  -94.83846  -94.80526  -94.72313 
 1067  -94.83464  -94.80107  -94.71896 
 1068  -94.83143  -94.79743  -94.71538 
 1069  -94.82936  -94.79493  -94.71298 
 1070  -94.82873  -94.79382  -94.71201 
 1071  -94.82946  -94.79406  -94.71243 
 1072  -94.83121  -94.79528  -94.71389 
 1073  -94.83338  -94.79689  -94.71579 
 1074  -94.83525  -94.79819  -94.71743 
 1075  -94.83620  -94.79853  -94.71816 
 1076  -94.83586  -94.79754  -94.71758 
 1077  -94.83423  -94.79524  -94.71569 
 1078  -94.83171  -94.79202  -94.71288 
 1079  -94.82910  -94.78869  -94.70990 
 1080  -94.82743  -94.78627  -94.70780 
 1081  -94.82767  -94.78576  -94.70753 
 1082  -94.83020  -94.78751  -94.70946 
 1083  -94.83439  -94.79092  -94.71298 
 1084  -94.83892  -94.79468  -94.71677 
 1085  -94.84238  -94.79738  -94.71945 
 1086  -94.84394  -94.79821  -94.72021 
 1087  -94.84353  -94.79709  -94.71898 
 1088  -94.84168  -94.79458  -94.71631 
 1089  -94.83920  -94.79149  -94.71304 
 1090  -94.83695  -94.78869  -94.71003 
 1091  -94.83560  -94.78686  -94.70796 
 1092  -94.83556  -94.78641  -94.70727 
 1093  -94.83691  -94.78742  -94.70804 
 1094  -94.83936  -94.78963  -94.71002 
 1095  -94.84236  -94.79247  -94.71264 
 1096  -94.84513  -94.79516  -94.71514 
 1097  -94.84685  -94.79690  -94.71671 
 1098  -94.84696  -94.79710  -94.71680 
 1099  -94.84533  -94.79565  -94.71525 
 1100  -94.84234  -94.79293  -94.71244 
 1101  -94.83885  -94.78977  -94.70921 
 1102  -94.83596  -94.78728  -94.70664 
 1103  -94.83477  -94.78657  -94.70585 
 1104  -94.83597  -94.78828  -94.70748 
 1105  -94.83930  -94.79218  -94.71129 
 1106  -94.84360  -94.79710  -94.71614 
 1107  -94.84733  -94.80148  -94.72048 
 1108  -94.84926  -94.80411  -94.72311 
 1109  -94.84895  -94.80454  -94.72359 
 1110  -94.84671  -94.80307  -94.72224 
 1111  -94.84331  -94.80049  -94.71987 
 1112  -94.83968  -94.79773  -94.71739 
 1113  -94.83662  -94.79559  -94.71560 
 1114  -94.83469  -94.79461  -94.71506 
 1115  -94.83409  -94.79501  -94.71597 
 1116  -94.83464  -94.79662  -94.71814 
 1117  -94.83584  -94.79891  -94.72107 
 1118  -94.83690  -94.80111  -94.72395 
 1119  -94.83694  -94.80232  -94.72587 
 1120  -94.83519  -94.80176  -94.72603 
 1121  -94.83126  -94.79905  -94.72404 
 1122  -94.82539  -94.79439  -94.72007 
 1123  -94.81834  -94.78856  -94.71487 
 1124  -94.81130  -94.78271  -94.70958 
 1125  -94.80556  -94.77813  -94.70546 
 1126  -94.80214  -94.77581  -94.70352 
 1127  -94.80129  -94.77601  -94.70400 
 1128  -94.80227  -94.77800  -94.70618 
 1129  -94.80370  -94.78035  -94.70868 
 1130  -94.80417  -94.78170  -94.71011 
 1131  -94.80294  -94.78128  -94.70973 
 1132  -94.80004  -94.77914  -94.70762 
 1133  -94.79615  -94.77596  -94.70443 
 1134  -94.79220  -94.77267  -94.70111 
 1135  -94.78911  -94.77019  -94.69859 
 1136  -94.78755  -94.76919  -94.69755 
 1137  -94.78785  -94.77001  -94.69831 
 1138  -94.78995  -94.77259  -94.70081 
 1139  -94.79340  -94.77646  -94.70460 
 1140  -94.79742  -94.78087  -94.70889 
 1141  -94.80106  -94.78484  -94.71272 
 1142  -94.80340  -94.78746  -94.71513 
 1143  -94.80383  -94.78811  -94.71553 
 1144  -94.80234  -94.78679  -94.71386 
 1145  -94.79952  -94.78408  -94.71070 
 1146  -94.79640  -94.78101  -94.70707 
 1147  -94.79411  -94.77871  -94.70410 
 1148  -94.79360  -94.77811  -94.70273 
 1149  -94.79525  -94.77962  -94.70339 
 1150  -94.79868  -94.78283  -94.70570 
 1151  -94.80278  -94.78664  -94.70860 
 1152  -94.80626  -94.78975  -94.71082 
 1153  -94.80819  -94.79124  -94.71145 
 1154  -94.80840  -94.79094  -94.71035 
 1155  -94.80737  -94.78934  -94.70803 
 1156  -94.80598  -94.78732  -94.70538 
 1157  -94.80520  -94.78585  -94.70338 
 1158  -94.80576  -94.78568  -94.70279 
 1159  -94.80809  -94.78723  -94.70402 
 1160  -94.81217  -94.79050  -94.70709 
 1161  -94.81760  -94.79510  -94.71159 
 1162  -94.82362  -94.80026  -94.71676 
 1163  -94.82925  -94.80503  -94.72161 
 1164  -94.83352  -94.80842  -94.72517 
 1165  -94.83574  -94.80976  -94.72672 
 1166  -94.83577  -94.80889  -94.72610 
 1167  -94.83406  -94.80628  -94.72374 
 1168  -94.83150  -94.80280  -94.72047 
 1169  -94.82907  -94.79945  -94.71728 
 1170  -94.82763  -94.79708  -94.71501 
 1171  -94.82767  -94.79616  -94.71414 
 1172  -94.82908  -94.79660  -94.71457 
 1173  -94.83113  -94.79768  -94.71559 
 1174  -94.83274  -94.79830  -94.71613 
 1175  -94.83298  -94.79757  -94.71532 
 1176  -94.83150  -94.79512  -94.71280 
 1177  -94.82861  -94.79127  -94.70893 
 1178  -94.82510  -94.78682  -94.70450 
 1179  -94.82194  -94.78275  -94.70051 
 1180  -94.82001  -94.77994  -94.69784 
 1181  -94.81986  -94.77894  -94.69705 
 1182  -94.82166  -94.77992  -94.69830 
 1183  -94.82513  -94.78261  -94.70132 
 1184  -94.82963  -94.78637  -94.70546 
 1185  -94.83423  -94.79028  -94.70978 
 1186  -94.83794  -94.79336  -94.71326 
 1187  -94.83997  -94.79479  -94.71510 
 1188  -94.84000  -94.79427  -94.71494 
 1189  -94.83839  -94.79217  -94.71313 
 1190  -94.83600  -94.78936  -94.71049 
 1191  -94.83389  -94.78687  -94.70807 
 1192  -94.83292  -94.78557  -94.70670 
 1193  -94.83349  -94.78587  -94.70681 
 1194  -94.83546  -94.78763  -94.70827 
 1195  -94.83813  -94.79013  -94.71040 
 1196  -94.84044  -94.79235  -94.71220 
 1197  -94.84145  -94.79331  -94.71273 
 1198  -94.84062  -94.79250  -94.71151 
 1199  -94.83806  -94.79003  -94.70867 
 1200  -94.83442  -94.78655  -94.70488 
 1201  -94.83059  -94.78296  -94.70106 
 1202  -94.82751  -94.78018  -94.69814 
 1203  -94.82586  -94.77892  -94.69682 
 1204  -94.82602  -94.77953  -94.69747 
 1205  -94.82792  -94.78196  -94.70003 
 1206  -94.83112  -94.78576  -94.70405 
 1207  -94.83486  -94.79017  -94.70875 
 1208  -94.83823  -94.79426  -94.71320 
 1209  -94.84041  -94.79722  -94.71657 
 1210  -94.84096  -94.79861  -94.71839 
 1211  -94.84008  -94.79860  -94.71881 
 1212  -94.83849  -94.79792  -94.71853 
 1213  -94.83716  -94.79753  -94.71850 
 1214  -94.83688  -94.79821  -94.71945 
 1215  -94.83792  -94.80023  -94.72168 
 1216  -94.84006  -94.80335  -94.72491 
 1217  -94.84258  -94.80687  -94.72846 
 1218  -94.84459  -94.80986  -94.73144 
 1219  -94.84523  -94.81149  -94.73301 
 1220  -94.84401  -94.81124  -94.73268 
 1221  -94.84094  -94.80911  -94.73049 
 1222  -94.83646  -94.80557  -94.72691 
 1223  -94.83137  -94.80139  -94.72273 
 1224  -94.82652  -94.79743  -94.71882 
 1225  -94.82263  -94.79440  -94.71593 
 1226  -94.82016  -94.79277  -94.71451 
 1227  -94.81922  -94.79263  -94.71467 
 1228  -94.81953  -94.79371  -94.71614 
 1229  -94.82049  -94.79542  -94.71832 
 1230  -94.82130  -94.79693  -94.72038 
 1231  -94.82117  -94.79745  -94.72150 
 1232  -94.81959  -94.79648  -94.72115 
 1233  -94.81660  -94.79406  -94.71934 
 1234  -94.81291  -94.79089  -94.71673 
 1235  -94.80962  -94.78805  -94.71439 
 1236  -94.80775  -94.78657  -94.71330 
 1237  -94.80779  -94.78694  -94.71394 
 1238  -94.80957  -94.78897  -94.71612 
 1239  -94.81233  -94.79190  -94.71909 
 1240  -94.81508  -94.79475  -94.72189 
 1241  -94.81692  -94.79661  -94.72362 
 1242  -94.81729  -94.79692  -94.72376 
 1243  -94.81610  -94.79560  -94.72224 
 1244  -94.81373  -94.79303  -94.71947 
 1245  -94.81085  -94.78989  -94.71614 
 1246  -94.80826  -94.78698  -94.71306 
 1247  -94.80665  -94.78498  -94.71094 
 1248  -94.80647  -94.78436  -94.71024 
 1249  -94.80783  -94.78523  -94.71109 
 1250  -94.81049  -94.78735  -94.71325 
 1251  -94.81387  -94.79015  -94.71613 
 1252  -94.81717  -94.79283  -94.71895 
 1253  -94.81955  -94.79456  -94.72085 
 1254  -94.82046  -94.79477  -94.72125 
 1255  -94.81986  -94.79344  -94.72011 
 1256  -94.81840  -94.79124  -94.71806 
 1257  -94.81723  -94.78928  -94.71621 
 1258  -94.81744  -94.78869  -94.71565 
 1259  -94.81962  -94.79002  -94.71694 
 1260  -94.82357  -94.79311  -94.71990 
 1261  -94.82851  -94.79716  -94.72377 
 1262  -94.83341  -94.80115  -94.72753 
 1263  -94.83735  -94.80416  -94.73028 
 1264  -94.83975  -94.80561  -94.73146 
 1265  -94.84048  -94.80538  -94.73097 
 1266  -94.83984  -94.80377  -94.72911 
 1267  -94.83840  -94.80136  -94.72648 
 1268  -94.83687  -94.79888  -94.72381 
 1269  -94.83592  -94.79698  -94.72177 
 1270  -94.83601  -94.79614  -94.72083 
 1271  -94.83731  -94.79654  -94.72119 
 1272  -94.83967  -94.79802  -94.72269 
 1273  -94.84260  -94.80010  -94.72485 
 1274  -94.84536  -94.80205  -94.72694 
 1275  -94.84712  -94.80303  -94.72810 
 1276  -94.84720  -94.80237  -94.72766 
 1277  -94.84539  -94.79986  -94.72538 
 1278  -94.84219  -94.79600  -94.72174 
 1279  -94.83876  -94.79195  -94.71787 
 1280  -94.83644  -94.78906  -94.71508 
 1281  -94.83619  -94.78828  -94.71430 
 1282  -94.83809  -94.78970  -94.71564 
 1283  -94.84147  -94.79266  -94.71841 
 1284  -94.84525  -94.79607  -94.72154 
 1285  -94.84838  -94.79889  -94.72401 
 1286  -94.85016  -94.80043  -94.72513 
 1287  -94.85035  -94.80044  -94.72470 
 1288  -94.84916  -94.79914  -94.72293 
 1289  -94.84712  -94.79707  -94.72039 
 1290  -94.84495  -94.79495  -94.71781 
 1291  -94.84335  -94.79346  -94.71589 
 1292  -94.84285  -94.79315  -94.71517 
 1293  -94.84369  -94.79427  -94.71592 
 1294  -94.84582  -94.79672  -94.71807 
 1295  -94.84877  -94.80008  -94.72117 
 1296  -94.85181  -94.80359  -94.72448 
 1297  -94.85402  -94.80633  -94.72708 
 1298  -94.85451  -94.80740  -94.72805 
 1299  -94.85275  -94.80626  -94.72686 
 1300  -94.84891  -94.80307  -94.72362 
 1301  -94.84397  -94.79882  -94.71932 
 1302  -94.83944  -94.79501  -94.71542 
 1303  -94.83670  -94.79300  -94.71328 
 1304  -94.83628  -94.79334  -94.71343 
 1305  -94.83774  -94.79557  -94.71542 
 1306  -94.84001  -94.79861  -94.71821 
 1307  -94.84192  -94.80130  -94.72063 
 1308  -94.84261  -94.80278  -94.72185 
 1309  -94.84171  -94.80266  -94.72153 
 1310  -94.83934  -94.80108  -94.71979 
 1311  -94.83601  -94.79853  -94.71715 
 1312  -94.83243  -94.79573  -94.71432 
 1313  -94.82937  -94.79344  -94.71209 
 1314  -94.82750  -94.79232  -94.71108 
 1315  -94.82718  -94.79275  -94.71171 
 1316  -94.82848  -94.79478  -94.71400 
 1317  -94.83107  -94.79810  -94.71764 
 1318  -94.83430  -94.80203  -94.72197 
 1319  -94.83725  -94.80568  -94.72607 
 1320  -94.83895  -94.80805  -94.72893 
 1321  -94.83859  -94.80835  -94.72977 
 1322  -94.83598  -94.80638  -94.72835 
 1323  -94.83174  -94.80277  -94.72527 
 1324  -94.82725  -94.79890  -94.72188 
 1325  -94.82406  -94.79631  -94.71973 
 1326  -94.82313  -94.79597  -94.71974 
 1327  -94.82435  -94.79776  -94.72181 
 1328  -94.82672  -94.80068  -94.72493 
 1329  -94.82895  -94.80343  -94.72782 
 1330  -94.82997  -94.80494  -94.72942 
 1331  -94.82923  -94.80466  -94.72920 
 1332  -94.82675  -94.80260  -94.72718 
 1333  -94.82298  -94.79921  -94.72383 
 1334  -94.81865  -94.79525  -94.71990 
 1335  -94.81462  -94.79154  -94.71625 
 1336  -94.81161  -94.78884  -94.71361 
 1337  -94.81014  -94.78765  -94.71251 
 1338  -94.81039  -94.78815  -94.71312 
 1339  -94.81215  -94.79012  -94.71525 
 1340  -94.81485  -94.79303  -94.71832 
 1341  -94.81764  -94.79598  -94.72149 
 1342  -94.81950  -94.79798  -94.72371 
 1343  -94.81950  -94.79808  -94.72407 
 1344  -94.81718  -94.79582  -94.72207 
 1345  -94.81288  -94.79154  -94.71803 
 1346  -94.80786  -94.78651  -94.71321 
 1347  -94.80392  -94.78252  -94.70936 
 1348  -94.80247  -94.78096  -94.70790 
 1349  -94.80380  -94.78215  -94.70909 
 1350  -94.80700  -94.78515  -94.71203 
 1351  -94.81055  -94.78846  -94.71525 
 1352  -94.81312  -94.79075  -94.71742 
 1353  -94.81399  -94.79130  -94.71787 
 1354  -94.81307  -94.79004  -94.71655 
 1355  -94.81082  -94.78742  -94.71390 
 1356  -94.80797  -94.78417  -94.71069 
 1357  -94.80533  -94.78113  -94.70775 
 1358  -94.80366  -94.77904  -94.70583 
 1359  -94.80349  -94.77844  -94.70546 
 1360  -94.80502  -94.77955  -94.70686 
 1361  -94.80812  -94.78223  -94.70989 
 1362  -94.81229  -94.78598  -94.71405 
 1363  -94.81671  -94.78999  -94.71851 
 1364  -94.82038  -94.79326  -94.72225 
 1365  -94.82231  -94.79479  -94.72429 
 1366  -94.82187  -94.79395  -94.72395 
 1367  -94.81915  -94.79084  -94.72129 
 1368  -94.81521  -94.78649  -94.71733 
 1369  -94.81179  -94.78267  -94.71378 
 1370  -94.81054  -94.78101  -94.71228 
 1371  -94.81208  -94.78212  -94.71341 
 1372  -94.81568  -94.78527  -94.71648 
 1373  -94.81980  -94.78895  -94.71996 
 1374  -94.82295  -94.79164  -94.72239 
 1375  -94.82424  -94.79248  -94.72292 
 1376  -94.82355  -94.79134  -94.72143 
 1377  -94.82130  -94.78865  -94.71839 
 1378  -94.81825  -94.78518  -94.71457 
 1379  -94.81531  -94.78182  -94.71088 
 1380  -94.81329  -94.77939  -94.70813 
 1381  -94.81280  -94.77852  -94.70695 
 1382  -94.81417  -94.77951  -94.70766 
 1383  -94.81733  -94.78232  -94.71019 
 1384  -94.82188  -94.78651  -94.71412 
 1385  -94.82701  -94.79130  -94.71867 
 1386  -94.83169  -94.79565  -94.72277 
 1387  -94.83482  -94.79845  -94.72532 
 1388  -94.83549  -94.79882  -94.72542 
 1389  -94.83347  -94.79650  -94.72280 
 1390  -94.82948  -94.79223  -94.71817 
 1391  -94.82523  -94.78772  -94.71322 
 1392  -94.82276  -94.78500  -94.70998 
 1393  -94.82330  -94.78530  -94.70969 
 1394  -94.82652  -94.78831  -94.71205 
 1395  -94.83080  -94.79240  -94.71544 
 1396  -94.83425  -94.79567  -94.71801 
 1397  -94.83554  -94.79679  -94.71849 
 1398  -94.83429  -94.79538  -94.71650 
 1399  -94.83092  -94.79186  -94.71249 
 1400  -94.82629  -94.78709  -94.70735 
 1401  -94.82149  -94.78215  -94.70216 
 1402  -94.81753  -94.77807  -94.69794 
 1403  -94.81523  -94.77565  -94.69551 
 1404  -94.81507  -94.77537  -94.69532 
